/*--------------------------------*- C++ -*----------------------------------*\
| =========                 |                                                 |
| \\      /  F ield         | OpenFOAM: The Open Source CFD Toolbox           |
|  \\    /   O peration     | Version:  2406                                  |
|   \\  /    A nd           | Website:  www.openfoam.com                      |
|    \\/     M anipulation  |                                                 |
\*---------------------------------------------------------------------------*/
FoamFile
{
    version     2.0;
    format      ascii;
    arch        "LSB;label=32;scalar=64";
    class       cellSet;
    location    "constant/polyMesh/sets";
    object      nonClosedCells;
}
// * * * * * * * * * * * * * * * * * * * * * * * * * * * * * * * * * * * * * //


1371
(
417792
417793
417794
417795
417796
417799
417800
417801
417802
417803
417805
417807
417809
417810
417811
417813
417814
417815
417817
417818
417821
417822
417823
417825
417826
417827
417828
417829
417831
417833
417835
417837
417838
385070
417839
385071
417841
417842
417843
417845
417846
417848
417849
417850
417851
417852
417853
417854
417855
417857
417859
417861
417862
417863
417865
417866
417869
417870
417871
417873
417874
417875
417876
417877
417878
417879
417880
417881
417882
417883
417885
417887
417889
417890
417891
417893
417894
417895
417897
417899
417901
417903
417905
417906
417907
417909
417910
417913
417914
417917
417918
417921
417922
393347
393348
417925
417926
417927
417928
417929
417930
417931
417933
417934
417935
417937
417938
417939
409747
409748
417941
417943
417946
401562
417947
417949
417950
417951
417952
417954
417955
417957
417958
417959
417960
385244
385245
393522
409921
409922
401738
385418
385419
410097
401912
385591
410272
402086
402087
385745
394047
410445
402261
402262
385917
385918
394222
410619
410620
402437
386091
386092
394395
410793
410794
402610
402611
386266
394569
394570
402783
386440
411111
394744
402957
402958
411197
411198
411284
411285
394916
394917
403130
403131
411458
411459
395089
395090
403303
403304
386966
411631
411632
395262
395263
403475
403476
387141
411806
411807
395435
395436
403650
387314
387315
411980
411981
395609
403824
387487
387488
412155
412156
395785
403999
387660
412331
395958
395959
404173
404174
387797
412505
412506
404349
387971
412679
412680
396309
404523
388144
388145
412852
412853
396483
396484
404697
388317
388318
412939
413025
413026
396657
396658
404872
388493
413197
413198
413199
413200
396830
396831
405048
388666
413286
413287
413373
413374
397004
397005
405222
405223
388841
388842
413546
413547
397181
405395
405396
389017
413719
413720
397355
405570
405571
389190
389191
413893
413894
397529
397530
405744
405745
389366
414068
414069
397703
397704
405918
405919
389541
414243
406092
406093
389714
397907
389715
414416
414417
406260
398079
389887
398080
389888
414589
414590
406434
390060
398253
390061
398254
414676
414762
414763
390211
390212
406607
406608
398428
398429
414849
414850
414936
414937
390385
390386
406783
398602
398603
415110
415111
390559
390560
406956
406957
398776
415283
415284
390733
390734
407129
407130
398951
398952
415456
415457
390907
390908
407304
407305
399124
399125
415629
415630
391081
399299
399300
382974
382981
382982
415804
391257
399473
399474
383155
383156
415976
415977
391430
391431
407830
399647
399648
383328
416150
391603
391604
408004
408005
399820
399821
383502
383503
416324
391778
408178
408179
399993
399994
399995
383675
383676
416496
416497
391953
391954
408353
408354
400168
400169
383848
383849
416671
416672
416673
416674
416676
416677
416678
416680
416681
416682
416684
416686
416688
416689
416690
416693
416694
416697
416698
416700
416701
416702
416703
416704
416705
392129
416706
416707
416708
416709
416710
416711
416712
416713
416714
416715
416716
416717
416718
416719
416720
408528
416721
416722
416723
416725
416726
416727
400343
400344
416729
416730
416731
416732
416733
416734
416735
416736
416737
416738
416739
416740
416741
416742
416743
416744
416745
416747
416749
416751
416752
416753
416754
416755
416757
416758
416759
416761
416762
416764
416765
416767
416768
416769
416770
416771
416772
416773
416774
416775
416776
416777
416778
416779
416781
416783
416785
416786
416787
416789
416790
384023
384024
416793
416794
416797
416798
416799
416800
416801
416802
416803
416805
416806
416807
416808
416809
416811
416813
416814
416815
416817
416818
416821
416822
416825
416826
416829
416830
416831
416833
416834
416835
416837
416839
416840
416841
416842
416843
416844
416845
416846
416847
416849
416850
416851
416853
416854
416855
416857
416858
416861
416862
416865
416867
416869
416871
416873
416874
416875
416876
416877
416878
416879
392303
416880
416881
416882
416883
416884
416885
416886
416887
416888
416889
416891
416893
416894
416895
408703
416897
416898
400516
416901
400517
416902
416905
416906
416909
416911
416913
416915
416916
416917
416918
416919
416920
416921
416922
416923
416924
416925
416926
416927
416928
416929
416930
416931
416932
416933
416934
416935
416937
416938
416939
416941
416942
416943
416945
416946
416947
416949
416950
416951
416952
416953
416955
416957
416958
416959
416960
416961
416962
416963
416964
416965
416966
416967
384199
416968
416969
416970
416971
416972
416973
416974
416975
416977
416978
416979
416980
416981
416982
416983
416984
416985
416987
416989
416990
416991
416992
416993
416995
416996
416997
416998
416999
417000
417001
417002
417003
417004
417005
417007
417008
417009
417010
417011
417012
417013
417014
417015
417016
417017
417018
417019
417020
417021
417022
417023
417024
417025
417027
417029
417030
417031
417032
417033
417034
417035
417036
417037
417038
417039
417041
417042
417043
417044
417045
417046
417047
417048
417049
417050
417051
417052
417053
392477
417054
417055
417056
417057
417058
417059
417060
417061
417062
417063
417065
417066
417067
408876
417069
408877
417070
417071
417073
417074
417075
400691
400692
417077
417078
417079
417080
417081
417082
417083
417084
417085
417086
417087
417089
417090
417093
417094
417097
417098
417099
417100
417101
417102
417103
417104
417105
417106
417107
417108
417109
417110
417111
417112
417113
417114
417115
417116
417117
417118
417119
417120
417121
417122
417123
417124
417125
417126
417127
417129
417130
417131
417133
417134
417135
417137
417138
417139
417141
384373
417142
417143
417145
417146
417149
417150
417151
417153
417154
417155
417156
417157
417158
417159
417160
417161
417162
417163
417164
417165
417166
417167
417168
417169
417170
417171
417173
417174
417175
417176
417177
417179
417181
417183
417185
417186
417189
417190
417191
417193
417194
417195
417196
417197
417198
417199
417200
417201
417202
417203
417205
417206
417207
417209
417210
417211
417213
417214
417215
417216
417217
417218
417219
417221
417223
417225
417226
392651
392652
417229
417230
417231
417233
417234
417235
417236
417237
417238
417239
417240
417241
409049
417242
409050
417243
417244
417245
417246
417247
417248
417249
400865
417250
400866
417251
417252
417253
417254
417255
417257
417259
417261
417262
417263
417264
417265
417266
417267
417268
417269
417270
417271
417272
417273
417274
417275
417276
417277
417278
417279
417280
417281
417282
417283
417284
417285
417287
417288
417289
417291
417292
417293
417296
417297
417298
417299
417300
417301
417302
417303
417304
417305
417306
417307
417308
417309
417310
417311
417312
417313
417314
384546
417315
384547
417316
417317
417318
417319
417320
417321
417322
417323
417324
417326
417327
417328
417330
417331
417332
417335
417336
417337
417338
417339
417340
417341
417342
417343
417344
417345
417346
417347
417348
417350
417352
417354
417355
417356
417357
417358
417359
417360
417361
417362
417363
417364
417365
417366
417367
417368
417369
417370
417372
417374
417375
417376
417377
417378
417379
417380
417381
417382
417383
417384
417385
417386
417387
417388
417389
417390
417391
417392
417395
417396
417398
417399
417400
392824
417401
392825
417403
417405
417407
417408
417409
417410
417411
417412
417413
417414
417415
409223
417416
409224
417417
417418
417419
417420
417421
417422
417423
417425
417426
417427
417428
417429
417430
417431
417432
417433
417434
417436
417438
417439
417440
417441
417443
417444
417445
417448
417449
417450
417452
417453
417454
417455
417457
417459
417461
417462
417463
417464
417465
417466
417467
417468
417469
417470
417471
417472
417473
417474
417475
417476
417477
417478
417479
417480
417481
417483
417485
417487
417488
417489
384721
417490
384722
417491
417493
417494
417495
417496
417497
417498
417499
417500
417501
417502
417503
417504
417505
417506
417507
417508
417509
417510
417511
417512
417513
417515
417516
417517
417518
417519
417520
417521
417523
417524
417525
417526
417527
417528
417529
417530
417531
417532
417533
417534
417535
417536
417537
417538
417539
417540
417541
417542
417543
417544
417545
417546
417547
417548
417549
417551
417553
417554
417555
417556
417557
417558
417559
417560
417561
417562
417563
417564
417565
417566
417567
417568
417569
417570
417571
417572
417573
392997
417574
392998
417575
417577
417579
417581
417582
417583
417585
417586
417587
417588
417589
417590
409398
417591
409399
417592
417593
417594
417595
417596
417597
417598
401214
417599
401215
417600
417601
417602
417603
417604
417605
417606
417607
417608
417609
417610
417611
417613
417615
417617
417619
417621
417622
417623
417625
417626
417627
417629
417630
417631
417632
417633
417634
417635
417636
417637
417638
417639
417640
417641
417642
417643
417644
417645
417646
417647
417648
417649
417651
417652
417653
417654
417655
417657
417659
417661
417663
417664
384896
417665
384897
417666
417667
417668
417669
417670
417671
417672
417673
417674
417675
417676
417677
417678
417679
417680
417681
417682
417684
417685
417686
417689
417690
417691
417692
417693
417694
417695
417697
417699
417701
417703
417705
417706
417707
417708
417709
417710
417711
417712
417713
417714
417715
417716
417717
417718
417720
417721
417722
417725
417726
417728
417729
417730
417731
417732
417733
417734
417735
417736
417737
417738
417739
417740
417741
417742
417743
417745
417747
393172
417749
393173
417750
417751
417753
417754
417756
417757
417758
417759
417760
417761
417762
417763
417764
417765
409573
417766
409574
417767
417768
417769
417770
417771
401387
417772
401388
417773
417774
417775
417776
417777
417778
417779
417780
417781
417782
417785
417786
417788
417789
417790
417791
)


// ************************************************************************* //
