/*--------------------------------*- C++ -*----------------------------------*\
| =========                 |                                                 |
| \\      /  F ield         | OpenFOAM: The Open Source CFD Toolbox           |
|  \\    /   O peration     | Version:  2406                                  |
|   \\  /    A nd           | Website:  www.openfoam.com                      |
|    \\/     M anipulation  |                                                 |
\*---------------------------------------------------------------------------*/
FoamFile
{
    version     2.0;
    format      ascii;
    arch        "LSB;label=32;scalar=64";
    class       faceSet;
    location    "constant/polyMesh/sets";
    object      nonOrthoFaces;
}
// * * * * * * * * * * * * * * * * * * * * * * * * * * * * * * * * * * * * * //


1934
(
983042
983045
983046
983050
983053
983056
983057
983060
983061
983064
983068
983071
983072
983073
983074
983075
983076
983077
983078
983085
983086
983089
983091
983092
983096
983098
983099
983105
983111
983115
983121
983124
983133
983134
983136
983138
983145
983146
983149
983151
983152
983154
983157
983160
983161
983162
983163
983164
983165
983166
983168
983169
983170
983171
983172
983173
983175
983178
983179
983185
983186
983187
983188
983189
983190
983191
983193
983199
983200
983201
983202
983203
983204
983205
983211
983212
983215
983217
983218
983220
983221
983222
983223
983224
983225
983227
983230
983231
983237
983241
983247
983250
983259
983260
983262
983264
983271
983274
983275
983278
983280
983282
983289
983290
983298
983299
983301
983302
983305
983306
983307
983308
983309
983310
983311
983312
983314
983315
983316
983317
983318
983319
983320
983323
983324
983325
983326
983327
983328
983329
983330
983331
983332
983333
983334
983335
983336
983339
983340
983342
983343
983344
983345
983346
983352
983353
983355
983359
983361
983362
983368
983374
983380
983381
983385
983388
983389
983390
983391
983392
983393
983394
983395
983396
983399
983403
983406
983407
983408
983409
983410
983411
983412
983413
983415
983419
983423
983424
983433
983434
983437
983438
983441
983442
983449
983453
983456
983457
983458
983459
983460
983461
983462
983463
983464
983467
983470
983472
983478
983479
983486
983488
983489
983492
983498
917963
983503
983504
983512
983514
983515
983518
983520
983521
983522
983525
983527
983530
983532
983534
983536
983538
983539
983540
983541
983542
983543
983544
983545
983546
983547
983548
983549
983550
983552
983553
983554
983555
983556
983557
983558
983559
983560
983561
983562
983563
983565
983566
983567
983568
983569
983570
983571
983576
983577
983578
983580
983581
983582
983583
983584
983585
983587
983590
983591
983593
983596
983597
983599
983602
983603
983609
983610
983611
983612
983613
983614
983615
983617
983623
983624
983625
983626
983627
983628
983629
901710
901711
983636
983638
983644
983647
983650
983651
983656
983660
983663
983664
983667
983669
983672
983675
983677
983678
983680
983682
983689
983695
983701
983702
983705
983707
983708
983709
983718
983720
983721
983723
983726
983727
983729
983730
983731
983732
983733
983734
983736
983738
983746
983747
983750
983751
983753
983754
983755
983756
983758
983762
983765
983771
983777
983784
983785
983788
983791
983793
983794
983797
983799
983802
983805
983807
983810
983813
983815
983818
983819
983822
983823
983824
983825
983826
983827
983828
983831
983833
983836
983840
983843
983844
983847
983849
983859
983862
983866
983869
983871
983872
983874
983876
983883
983889
983895
983896
983899
983901
983902
983904
983905
983906
983907
983908
983909
983910
983911
983912
983913
983914
983915
983917
983918
983919
983920
983921
983922
983923
983928
983929
983935
983937
983942
983943
983944
983948
983951
983957
983959
983962
983963
983969
983971
983972
983973
983979
983980
983983
983986
983992
983996
984000
984003
984005
984006
984009
984015
984017
984018
984021
918486
984029
984031
984032
984035
984037
984040
984042
984047
984048
984054
984060
984066
984067
984070
984072
984073
984074
984075
984076
984077
984078
984079
984080
984088
984089
984091
984095
984097
984098
984105
984106
984109
984112
984113
984114
984115
984116
984117
984118
984119
984120
984121
984123
984125
984126
984128
984131
984132
984133
984135
984137
984141
984144
984150
984156
984160
984162
984165
984166
984168
984171
984172
984178
984179
984182
984184
984185
984186
984187
984188
984189
984190
984192
984197
984198
984199
984201
984202
984203
984204
984205
984206
984207
984208
984209
984210
984211
984212
984214
984215
984216
984217
984218
984219
984220
984221
984222
984223
984224
984225
984226
984227
984228
984229
984230
984231
984232
984234
984235
984236
984237
984238
984239
984240
984241
984245
984248
984254
984256
984259
984260
984261
984263
984264
984265
984269
984272
984278
984279
984283
984284
984286
984287
984288
984290
984291
984292
984293
951525
984294
951526
984295
984296
984299
984300
984301
984302
984304
984305
984309
984312
984313
984317
984318
984320
984321
984322
984323
984324
984325
984326
984327
984328
984331
984332
984334
984335
984336
984337
984338
984344
984345
984347
984348
984351
984352
984353
984356
984357
984358
984363
984365
984369
984372
984373
984376
984378
984379
984383
984386
984392
984398
984399
984402
984404
984405
984407
984414
984417
984418
984420
984422
984423
984424
984425
984427
984428
984429
984430
984432
984433
984434
984435
984436
984437
984438
984443
984444
984445
984447
984450
984453
984454
984455
984456
984457
984458
984459
984463
984466
984467
984470
984472
984478
984484
984490
984497
984498
984506
984512
984513
984515
984519
984520
984522
984523
984524
984526
984527
984528
984529
984530
984531
984532
984533
984534
984535
984536
984537
984538
984546
984547
984549
984550
984553
984554
984555
984556
984557
984558
984559
984560
984562
984563
984564
984565
984566
984567
984568
984577
984578
984580
984581
984582
984583
984584
984591
984592
984600
984601
984603
984604
984607
984608
984609
984610
984611
984612
984613
984617
984620
984626
984630
984634
984638
984644
984650
984652
984658
984663
984664
984670
984671
984674
984676
984677
984680
984682
984685
984687
984689
984691
984693
984694
984695
984696
984697
984698
984699
984700
984701
984702
984703
984704
984705
984707
984713
984714
984715
984716
984717
984718
984719
984722
984724
984727
984729
984731
984733
984737
984740
984746
984748
984751
984752
984753
984755
984756
984762
984768
984774
984780
984781
984785
984786
984788
984789
984790
984791
984792
984793
984794
984795
984796
984799
984800
984802
984803
984804
984805
984806
984812
984813
952045
952046
984815
952047
984817
984818
984820
984823
984825
984827
984829
984830
984831
984832
984833
984834
984835
984836
984839
984842
984844
984847
984848
984851
984852
984853
984854
984855
984856
984859
984863
984867
984870
984873
984882
984883
984884
984886
984888
984891
984894
984895
984896
984897
984898
984899
984900
984901
984902
984903
984908
984912
984918
984924
984930
984931
984934
984936
984939
984942
984944
984945
984947
984949
984951
984953
984954
984955
984956
984958
984963
984964
984965
984968
984970
984975
984979
984983
984986
984989
984998
985001
985006
985008
985009
985010
985011
985012
985013
985016
985017
985018
985019
985020
985021
985022
985023
985024
985025
985026
985027
985028
985029
985032
985034
985038
985042
985045
985051
985052
985055
985056
935904
985068
985074
985080
985081
985083
985084
985086
985094
985097
985101
985105
985108
985109
985112
985114
985117
985121
985124
985130
985131
985133
985137
985138
985140
985141
985142
985144
985145
985146
985147
985148
985149
985150
985153
985154
985155
985156
985157
985158
985159
985163
985166
985167
985171
985174
985175
985179
985182
985183
985187
985190
985191
985193
985194
985196
985199
985203
985206
985209
985218
985221
985225
985228
985230
985231
985233
985235
985248
985250
985252
985254
985256
985263
985264
985265
985267
985269
985271
985272
985276
985280
985286
985287
985288
985289
985290
985291
985292
985294
985300
985302
985303
985306
985312
985315
985324
985325
985327
985329
985336
985337
985340
985342
985343
985347
985350
985356
985362
985368
985374
985375
985376
985377
985378
985379
985380
985382
985388
985390
985391
985394
985398
985400
985403
985405
985406
985407
985408
985410
985411
985413
985415
985417
985418
985420
985426
985432
985438
985439
985442
985444
985452
985455
985464
985465
985468
985470
985478
985479
985482
985484
985487
985491
985494
985495
985496
985498
985500
985503
985507
985510
985511
985512
985513
985514
985515
985516
985517
985524
985530
985536
985539
985543
985544
985552
985553
985554
985555
985556
985557
985558
985559
985566
985570
985574
985578
936427
985582
985583
985585
985587
985592
985594
985600
985602
985609
985611
985619
985622
985631
985632
985634
985636
985639
985642
985643
985645
985648
985649
985653
985654
985656
985658
985663
985664
985665
985667
985671
985673
985680
985683
985687
985690
985692
985693
985695
985697
985702
985704
985707
985709
985710
985711
985712
985714
969472
969994
971040
954805
971562
924030
924031
956886
956887
940939
908234
908235
941462
957935
958459
975185
975186
975187
943029
959501
943549
911880
912403
962246
962247
963290
930704
947349
931227
981410
981412
981413
981415
981420
981424
981428
981430
981431
981434
981438
981441
981442
981443
981446
981452
981458
981462
981466
981469
981472
981481
981484
981493
981496
981500
981503
981505
981506
981507
981508
981510
981512
981513
981514
981515
981516
981517
981519
981521
981522
981525
981526
981528
981529
981530
981531
981532
981533
981535
981536
981539
981540
981541
981542
981543
981544
981545
981547
981548
981551
981553
981554
981557
981559
981560
981563
981564
981568
981571
981573
981574
981577
981583
981585
981586
981589
981595
981596
981597
981598
981601
981602
981605
981607
981608
981609
981610
981611
981612
981613
981614
981615
981624
981628
981631
981632
981636
981637
981639
981640
981641
981643
981644
981645
981646
981647
981648
981652
981654
981655
981661
981667
981673
981674
981678
981681
981682
981686
981689
981695
981696
981699
981701
981707
981709
981712
981716
981719
981725
981727
981729
981730
981731
981732
981733
981734
981735
981736
981737
981738
981740
981741
981742
981743
981744
981745
981747
981750
981751
981753
981756
981757
981759
981762
981763
981769
981775
981781
981782
981785
981787
981793
981795
981803
981806
981815
981816
981818
981820
981822
981826
981829
981830
981834
981837
981843
981844
981847
981848
981849
981850
981854
981857
981863
981869
981870
981872
981873
981875
981883
981886
981895
981898
981905
981907
981915
981917
981918
981921
981927
981932
981933
981939
981945
981947
981949
981950
981951
981952
981953
981954
981955
981956
981957
981958
981960
981967
981970
981971
981977
981978
981979
981980
981981
981982
981983
981985
981991
981993
981994
981997
982003
982006
982013
982015
982023
982029
982035
982041
982047
982048
982049
982050
982051
982052
982053
982054
982055
982058
982061
982062
982063
982064
982065
982066
982067
982068
982069
982070
982072
982073
982074
982075
982076
982077
982078
982079
982082
982083
982084
982085
982086
982087
982088
982090
982091
982094
982095
982096
982097
982098
982099
982100
982101
982103
982104
982105
982106
982107
982108
982112
982114
982115
982121
982127
982128
982130
982131
982133
982141
982144
982153
982156
982163
982165
982173
982179
982185
982191
982193
982195
982196
982197
982198
982201
982203
982206
982207
982208
982209
982210
982211
982212
982214
982216
982218
982219
982220
982221
982222
982223
982225
982230
982231
982232
982236
982239
982240
982243
982245
982246
982248
982249
982250
982251
982252
982253
982255
982258
982259
982265
982266
982267
982268
982269
982270
982271
982273
982279
982281
982282
982285
982291
982293
982294
982297
982301
982302
982303
982305
982306
982310
982313
982319
982325
982326
982329
982330
982331
982332
982334
982335
982337
982340
982342
982344
982346
982347
982356
982360
982363
982364
982368
982369
982371
982372
982373
982375
982376
982377
982378
982379
982380
982381
982384
982385
982386
982387
982388
982389
982390
982394
982397
982403
982404
982405
982406
982408
982409
982410
982411
982414
982417
982418
982419
982420
982421
982423
982424
982425
982426
982428
982432
982435
982441
982447
982448
982451
982453
982454
982458
933307
933308
982461
982467
982469
982471
982472
982473
982474
982475
982476
982477
982478
982479
982480
982481
982482
982483
982484
982485
982487
982492
982493
982494
982498
982501
982507
982509
982511
982512
982513
982514
982515
982516
982517
982518
982519
982520
982522
982523
982524
982525
982526
982527
982529
982532
982533
982535
982537
982538
982539
982545
982547
982548
982549
982550
982551
982552
982553
982558
982559
982560
982564
982567
982573
982579
982580
982583
982585
982586
982590
982593
982594
982597
982599
982602
982606
982609
982610
982613
982615
982623
982624
982625
982627
982629
982632
982635
982637
982638
982639
982641
982642
982643
982644
982646
982650
982652
982653
982654
982657
982658
982659
982660
982661
982667
982670
982671
982673
982674
982675
982676
982677
982678
982679
982680
982681
982682
982683
982684
982685
982688
982689
982690
982691
982692
982693
982694
982696
982697
982700
982701
982702
982703
982704
982705
982706
982710
982713
982719
982720
982721
982722
982723
982724
982725
982726
982727
982735
982736
982739
982741
982749
982750
982753
982755
982763
982764
982767
982769
982772
982776
982779
982780
982783
982785
982788
982791
982793
982794
982796
982798
982805
982808
982817
982820
982829
982831
982832
982835
982836
982839
982841
982846
982847
982848
982850
982851
982852
982853
982854
982855
982856
982857
982858
982859
982860
982861
982862
982866
982869
982870
982873
982875
982876
982877
982878
982879
982880
982881
982883
982884
982885
982886
982887
982888
982889
982890
982892
982893
982894
982895
982896
982897
982899
982902
982903
982905
982908
982909
982910
982911
982912
982913
982914
982915
982917
982919
982922
982923
982925
982926
982929
982935
982937
982938
982941
982947
982949
982950
982953
982959
982961
982962
982965
982969
982970
982971
982973
982979
982982
982991
982992
982994
982996
983003
983004
983007
983009
983010
983011
983014
983015
983016
983017
983018
983019
983020
983021
983023
983024
983025
983026
983027
983028
983029
983032
983033
983034
983035
983036
983037
983038
)


// ************************************************************************* //
