/*--------------------------------*- C++ -*----------------------------------*\
| =========                 |                                                 |
| \\      /  F ield         | OpenFOAM: The Open Source CFD Toolbox           |
|  \\    /   O peration     | Version:  2406                                  |
|   \\  /    A nd           | Website:  www.openfoam.com                      |
|    \\/     M anipulation  |                                                 |
\*---------------------------------------------------------------------------*/
FoamFile
{
    version     2.0;
    format      ascii;
    arch        "LSB;label=32;scalar=64";
    class       cellSet;
    location    "constant/polyMesh/sets";
    object      concaveCells;
}
// * * * * * * * * * * * * * * * * * * * * * * * * * * * * * * * * * * * * * //


8037
(
393271
393272
393273
393274
393275
393276
393277
393278
393279
393280
393281
393282
393283
393284
393285
393286
409670
393287
409671
393288
393289
393290
393291
393292
409733
409734
393355
393356
393357
409815
409816
393438
393439
393440
393441
393442
393443
393444
393445
393446
393447
393448
393449
393450
393451
393452
393453
393454
393455
393456
393457
393458
393459
409879
409880
393521
393522
393523
409960
409961
393605
393606
393607
393608
393609
393610
393611
393612
393613
393614
393615
393616
393617
393618
393619
393620
393621
393622
393623
393624
393625
393626
410024
410025
393689
393690
393691
410106
410107
393772
393773
393774
393775
393776
393777
393778
393779
393780
393781
393782
393783
393784
393785
410169
393786
410170
393787
393788
393789
393790
393791
393792
393793
393856
393857
410250
410251
410313
410314
410315
410316
410317
393939
393940
393941
393942
393943
393944
393945
393946
393947
393948
393949
393950
393951
393952
393953
393954
393955
393956
393957
393958
393959
393960
410394
410395
394023
394024
410455
410456
410457
410458
410459
410460
410461
410462
410463
410464
410465
410466
410467
410468
410469
410470
410471
410472
410473
410474
410475
410476
410477
410478
410479
410480
410481
410482
410483
410484
410485
410486
410487
410488
410489
394106
410490
394107
410491
394108
410492
394109
410493
394110
410494
394111
410495
394112
410496
394113
410497
394114
410498
394115
410499
394116
410500
394117
410501
394118
410502
394119
410503
394120
410504
394121
410505
394122
410506
394123
410507
394124
410508
394125
410509
394126
410510
394127
410511
410512
410513
410514
410515
410516
410517
410518
410519
410520
410521
410522
410523
410524
410525
410526
410527
410528
410529
410530
410531
410532
410533
410534
410535
410536
410537
410538
410539
410540
410541
410542
410543
410544
410545
410546
410547
410548
410549
410550
410551
410552
410553
410554
410555
410556
410557
410558
410559
410560
410561
410562
410563
410564
410565
410566
410567
410568
410569
410570
410571
410572
410573
394190
410574
394191
410575
410576
410577
410578
410579
410580
394197
410581
394198
410582
394199
410583
410584
410585
410586
410587
410588
410589
410590
410591
410592
410593
410594
410595
410596
410597
410598
410599
410600
410601
410602
410603
410604
410605
410606
410607
410608
410609
410610
410611
410612
410613
410614
410615
410616
410617
410618
410619
410620
410621
410622
410623
410624
410625
410626
410627
410628
410629
410630
410631
410632
410633
410634
410635
410636
410637
410638
410639
410640
410641
410642
410643
410644
410645
410646
410647
410648
410649
410650
410651
410652
410653
410654
410655
394272
410656
394273
410657
394274
410658
394275
410659
394276
410660
394277
410661
394278
410662
394279
410663
394280
410664
394281
410665
394282
410666
394283
410667
394284
410668
394285
410669
394286
410670
394287
410671
394288
410672
394289
410673
394290
410674
394291
410675
394292
410676
394293
410677
410678
410679
410680
410681
410682
410683
410684
410685
410686
410687
410688
410689
410690
410691
410692
410693
410694
410695
410696
410697
410698
410699
410700
410701
410702
410703
410704
410705
410706
410707
410708
410709
410710
410711
410712
410713
410714
410715
410716
410717
410718
410719
410720
410721
410722
410723
410724
410725
410726
410727
410728
410729
410730
410731
394348
410732
394349
410733
394350
410734
410735
410736
410737
410738
410739
394356
410740
394357
410741
394358
410742
394359
410743
394360
410744
394361
410745
394362
410746
394363
410747
394364
410748
394365
410749
394366
410750
394367
410751
394368
410752
394369
410753
394370
410754
394371
410755
394372
410756
394373
410757
394374
410758
394375
410759
394376
410760
394377
410761
394378
410762
394379
410763
394380
410764
394381
410765
394382
410766
394383
410767
394384
410768
394385
410769
394386
410770
394387
410771
394388
410772
394389
410773
394390
410774
394391
410775
394392
410776
394393
410777
394394
410778
394395
410779
394396
410780
394397
410781
394398
410782
394399
410783
394400
410784
394401
410785
394402
410786
394403
410787
394404
410788
394405
410789
394406
410790
394407
410791
394408
410792
394409
410793
394410
410794
394411
410795
394412
410796
394413
410797
394414
410798
394415
410799
394416
410800
394417
410801
394418
410802
394419
410803
394420
410804
394421
410805
394422
410806
394423
410807
394424
410808
394425
410809
394426
410810
394427
410811
394428
410812
394429
410813
394430
410814
394431
410815
394432
410816
394433
410817
394434
410818
394435
410819
394436
410820
394437
410821
394438
410822
394439
410823
394440
410824
394441
410825
394442
410826
394443
410827
394444
410828
394445
410829
394446
410830
394447
410831
394448
410832
394449
410833
394450
410834
394451
410835
394452
410836
394453
410837
394454
410838
394455
410839
394456
410840
394457
410841
394458
410842
394459
410843
394460
410844
394461
410845
394462
410846
394463
410847
394464
410848
394465
410849
394466
410850
394467
410851
394468
410852
394469
410853
394470
410854
394471
410855
394472
410856
394473
410857
394474
410858
394475
410859
394476
410860
394477
410861
394478
394479
394480
394481
394482
394483
394484
394485
394486
394487
394488
394489
394490
394491
394492
394493
394494
394495
394496
394497
394498
394499
394500
394501
394502
394503
394504
394505
394506
394507
394508
394509
394510
394511
394512
394513
394514
394515
394516
394517
394518
394519
394520
394521
394522
394523
394524
394525
394526
394527
394528
394529
394530
394531
394532
394533
394534
394535
394536
394537
394538
394539
394540
394541
394542
394543
394544
394545
394546
394547
394548
394549
394550
394551
394552
394553
394554
394555
394556
410940
394557
410941
394558
394559
394560
394561
394562
394563
394564
394565
394566
394567
394568
394569
394570
394571
394572
394573
394574
394575
394576
394577
394578
394579
394580
394581
394582
394583
394584
394585
394586
394587
394588
394589
394590
394591
394592
394593
394594
394595
394596
394597
394598
394599
394600
394601
394602
394603
394604
394605
394606
394607
394608
394609
394610
394611
394612
394613
394614
394615
394616
394617
394618
394619
411003
394620
411004
394621
394622
394623
394624
394625
394626
394627
394628
394629
394630
394631
394632
394633
394634
394635
394636
394637
394638
394639
394640
394641
394642
394643
394644
394645
394646
394647
394648
394649
394650
394651
394652
394653
394654
394655
394656
394657
394658
394659
394660
394661
394662
411084
411085
394742
394743
411147
411148
394805
394806
411228
411229
394887
394888
411291
411292
394951
394952
411372
411373
395033
395034
411436
411437
395096
395097
411516
411517
395177
395178
411579
411580
411581
411582
411583
411584
411585
411586
411587
411588
411589
411590
411591
411592
411593
411594
411595
411596
411597
411598
411599
411600
411601
411602
411603
411604
411605
411606
411607
411608
411609
411610
411611
411612
411613
411614
411615
411616
411617
411618
411619
411620
411621
411622
395239
411623
411624
395241
411625
395242
411626
395243
411627
411628
411629
411630
411631
411632
411633
411634
411635
411636
411637
411638
411639
411640
411641
411642
411643
411644
411645
411646
411647
411648
411649
411650
411651
411652
411653
411654
411655
411656
411657
411658
411659
411660
411661
411662
411663
411664
411665
411666
411667
411668
411669
411670
411671
411672
411673
411674
411675
411676
411677
411678
411679
411680
411681
411682
411683
411684
411685
411686
411687
411688
411689
411690
411691
411692
411693
411694
411695
411696
411697
411698
411699
411700
411701
411702
411703
411704
411705
395322
411706
395323
411707
411708
411709
411710
411711
411712
411713
411714
411715
411716
411717
411718
411719
411720
411721
411722
411723
411724
411725
411726
411727
411728
411729
411730
411731
411732
411733
411734
411735
411736
411737
411738
411739
411740
411741
411742
411743
411744
411745
411746
411747
411748
411749
411750
411751
411752
411753
411754
411755
411756
411757
411758
411759
411760
411761
411762
411763
411764
411765
411766
411767
411768
395385
411769
395386
411770
395387
411771
411772
411773
411774
411775
411776
411777
411778
411779
411780
411781
411782
411783
411784
411785
411786
411787
411788
411789
411790
411791
411792
411793
411794
411795
411796
411797
411798
411799
411800
411801
411802
411803
411804
411805
411806
411807
411808
411809
411810
411811
411812
411813
411814
411815
411816
411817
411818
411819
411820
411821
411822
411823
411824
411825
411826
411827
411828
411829
411830
411831
411832
411833
411834
411835
411836
411837
411838
411839
411840
411841
411842
411843
411844
411845
411846
411847
411848
411849
411850
395467
411851
395468
411852
411853
411854
411855
411856
411857
411858
411859
411860
411861
411862
411863
411864
411865
411866
411867
411868
411869
411870
411871
411872
411873
411874
411875
411876
411877
411878
411879
411880
411881
411882
411883
411884
411885
411886
411887
411888
411889
411890
411891
411892
411893
411894
411895
411896
411897
411898
411899
411900
411901
411902
411903
411904
411905
411906
411907
411908
411909
411910
411911
411912
395529
411913
395530
411914
395531
411915
411916
411917
411918
411919
411920
411921
411922
411923
411924
411925
411926
411927
411928
411929
411930
411931
411932
411933
411934
411935
411936
411937
411938
411939
411940
411941
411942
411943
411944
411945
411946
411947
411948
411949
411950
411951
411952
411953
411954
411955
411956
411957
411958
411959
411960
411961
411962
411963
411964
411965
411966
411967
411968
411969
411970
411971
411972
411973
411974
411975
411976
411977
411978
411979
411980
411981
411982
411983
411984
411985
411986
411987
411988
411989
411990
411991
411992
411993
411994
411995
395612
411996
395613
411997
411998
411999
412000
412001
412002
412003
412004
412005
412006
412007
412008
412009
412010
412011
412012
412013
412014
412015
412016
412017
412018
412019
412020
412021
412022
412023
412024
412025
412026
412027
412028
412029
412030
412031
412032
412033
412034
412035
412036
412037
412038
412039
412040
412041
412042
412043
412044
412045
412046
412047
412048
412049
412050
412051
412052
412053
412054
412055
412056
412057
395674
412058
395675
412059
412060
412061
412062
412063
412064
412065
412066
412067
412068
412069
412070
412071
412072
412073
412074
412075
412076
412077
412078
412079
412080
412081
412082
412083
412084
412085
412086
412087
412088
412089
412090
412091
412092
412093
412094
412095
412096
412097
412098
412099
412100
412101
412102
412103
412104
412105
412106
412107
412108
412109
412110
412111
412112
412113
412114
412115
412116
412117
412118
412119
412120
412121
412122
412123
412124
412125
412126
412127
412128
412129
412130
412131
412132
412133
412134
412135
412136
412137
412138
412139
395756
412140
395757
412141
412142
412143
412144
412145
412146
412147
412148
412149
412150
412151
412152
412153
412154
412155
412156
412157
412158
412159
412160
412161
412162
412163
412164
412165
412166
412167
412168
412169
412170
412171
412172
412173
412174
412175
412176
412177
412178
412179
412180
412181
412182
412183
412184
412185
412186
412187
412188
412189
412190
412191
412192
412193
412194
412195
412196
412197
412198
412199
412200
412201
395818
412202
395819
412203
412204
412205
412206
412207
412208
412209
412210
412211
412212
412213
412214
412215
412216
412217
412218
412219
412220
412221
412222
412223
412224
412225
412226
412227
412228
412229
412230
412231
412232
412233
412234
412235
412236
412237
412238
412239
412240
412241
412242
412243
412244
412245
412246
412247
412248
412249
412250
412251
412252
412253
412254
412255
412256
412257
412258
412259
412260
412261
412262
412263
412264
412265
412266
412267
412268
412269
412270
412271
412272
412273
412274
412275
412276
412277
412278
412279
412280
412281
412282
412283
395900
412284
395901
412285
412286
412287
412288
412289
412290
412291
412292
412293
412294
412295
412296
412297
412298
412299
412300
412301
412302
412303
412304
412305
412306
412307
412308
412309
412310
412311
412312
412313
412314
412315
412316
412317
412318
412319
412320
412321
412322
412323
412324
412325
412326
412327
412328
412329
412330
412331
412332
412333
412334
412335
412336
412337
412338
412339
412340
412341
412342
412343
412344
412345
412346
395962
412347
395963
412348
395964
412349
412350
412351
412352
412353
412354
412355
412356
412357
412358
412359
412360
412361
412362
412363
412364
412365
412366
412367
412368
412369
412370
412371
412372
412373
412374
412375
412376
412377
412378
412379
412380
412381
412382
412383
412384
412385
412386
412387
412388
412389
412390
412391
412392
412393
412394
412395
412396
412397
412398
412399
412400
412401
412402
412403
412404
412405
412406
412407
412408
412409
412410
412411
412412
412413
412414
412415
412416
412417
412418
412419
412420
412421
412422
412423
412424
412425
412426
412427
412428
412429
396045
412430
396046
412431
412432
412433
412434
412435
412436
412437
412438
412439
412440
412441
412442
412443
412444
412445
412446
412447
412448
412449
412450
412451
412452
412453
412454
412455
412456
412457
412458
412459
412460
412461
412462
412463
412464
412465
412466
412467
412468
412469
412470
412471
412472
412473
412474
412475
412476
412477
412478
412479
412480
412481
412482
412483
412484
412485
412486
412487
412488
412489
412490
412491
412492
396108
412493
396109
412494
412495
412496
412497
412498
412499
412500
412501
412502
412503
412504
412505
412506
412507
412508
412509
412510
412511
412512
412513
412514
412515
412516
412517
412518
412519
412520
412521
412522
412523
412524
412525
412526
412527
412528
412529
412530
412531
412532
412533
412534
412535
412536
412537
412538
412539
412540
412541
412542
412543
412544
412545
412546
412547
412548
412549
412550
412551
412552
412553
412554
412555
412556
412557
412558
412559
412560
412561
412562
412563
412564
412565
412566
412567
412568
412569
412570
412571
412572
412573
396189
412574
396190
412575
412576
412577
412578
412579
412580
412581
412582
412583
412584
412585
412586
412587
412588
412589
412590
412591
412592
412593
412594
412595
412596
412597
412598
412599
412600
412601
412602
412603
412604
412605
412606
412607
412608
412609
412610
412611
412612
412613
412614
412615
412616
412620
412621
412625
412626
412630
412632
412634
412635
396253
412638
396254
412639
412642
412643
412646
412647
412650
412651
412652
412653
412654
412655
412656
412657
412658
412659
412660
412661
412662
412663
412664
412665
412666
412667
412668
412669
412670
412671
412675
412676
412680
412683
412685
412687
412689
412690
412693
412694
412697
412698
412701
412702
412705
412706
412709
412710
412713
412714
412715
412716
412717
412718
412719
396335
412720
396336
412721
412722
412723
412724
412725
412726
412727
412728
412734
412735
412739
412740
412744
412745
412748
412749
412752
412754
412756
412758
412760
412761
412764
412765
412768
412769
412772
412773
412776
412777
412780
412781
396398
396399
412784
412785
412788
412789
412790
412791
412792
412793
412794
412795
412796
412797
412798
412799
412800
412801
412805
412806
412810
412811
412815
412816
412819
412820
412823
412824
412827
412828
412830
412833
412835
412836
412839
412840
412843
412844
412845
412846
412847
412848
412849
412850
412851
412852
412853
412854
412855
412856
412860
412861
396479
396480
412865
412866
412870
412871
412875
412876
412879
412880
412883
412884
412887
412888
412890
412893
412895
412896
412899
412900
412903
412904
412907
412908
412909
412910
412911
412912
412913
412914
412915
412916
412917
412918
412919
412920
412924
412925
396543
396544
412929
396545
412930
396546
396547
396548
396549
412934
396550
412935
396551
396552
396553
396554
412939
396555
412940
396556
396557
396558
396559
412944
396560
412945
396561
396562
396563
412948
396564
412949
396565
396566
412951
396567
396568
412953
396569
396570
412955
396571
396572
412957
396573
396574
412959
396575
396576
396577
412962
396578
396579
412964
396580
412965
396581
396582
396583
412968
396584
412969
396585
396586
396587
412972
396588
412973
396589
396590
396591
412976
396592
412977
396593
396594
396595
412980
396596
412981
396597
412982
396598
412983
396599
412984
396600
412985
396601
412986
396602
412987
396603
412988
396604
412989
396605
412990
396606
412991
396607
412992
396608
412993
396609
396610
396611
396612
412997
396613
412998
396614
396615
396616
396617
413002
396618
413003
396619
396620
396621
396622
413007
396623
413008
396624
396625
396626
413011
396627
413012
396628
396629
396630
413015
396631
413016
396632
396633
396634
413019
396635
413020
396636
396637
396638
413023
396639
413024
396640
396641
413026
396642
396643
413028
396644
396645
413030
396646
396647
413032
396648
396649
413034
396650
396651
396652
413037
396653
396654
413039
396655
413040
396656
396657
396658
413043
396659
413044
396660
396661
396662
413047
396663
413048
396664
396665
396666
413051
396667
413052
396668
396669
396670
413055
396671
413056
396672
396673
396674
413059
396675
413060
396676
413061
396677
413062
396678
413063
396679
413064
396680
413065
396681
413066
396682
413067
396683
413068
396684
413069
396685
396686
396687
396688
413073
396689
413074
396690
396691
413076
396692
396693
396694
413079
396695
396696
413081
396697
396698
413083
396699
396700
413085
396701
413086
396702
396703
413088
396704
396705
413090
396706
396707
413092
396708
396709
413094
396710
396711
396712
396713
413098
396714
396715
396716
396717
413102
396718
396719
396720
413105
396721
413106
396722
396723
396724
413109
396725
396726
413111
396727
396728
413113
396729
396730
413115
396731
396732
413117
396733
413118
396734
396735
396736
413121
396737
413122
396738
396739
396740
413125
396741
413126
396742
413127
396743
413128
396744
413129
396745
413130
396746
413131
396747
413132
396748
413133
396749
413134
396750
413135
396751
396752
396753
413138
396754
413139
396755
396756
413141
396757
396758
396759
413144
396760
396761
413146
396762
396763
413148
396764
396765
413150
396766
413151
396767
396768
413153
396769
396770
413155
396771
396772
413157
396773
396774
413159
396775
396776
396777
396778
413163
396779
396780
396781
396782
413167
396783
396784
396785
413170
396786
413171
396787
396788
396789
413174
396790
396791
413176
396792
396793
413178
396794
396795
413180
396796
396797
413182
396798
413183
396799
396800
396801
413186
396802
413187
396803
396804
396805
413190
396806
413191
396807
396808
413193
396809
413194
396810
413195
396811
413196
396812
413197
396813
413198
396814
413199
396815
413200
396816
413201
396817
413202
396818
413203
396819
396820
396821
413206
396822
413207
396823
396824
396825
413210
396826
396827
413212
396828
396829
413214
413215
413217
396834
413222
413226
413234
413238
413242
413246
413252
413254
413255
413257
413260
413262
413263
413265
413267
413270
413271
413272
413273
413274
413275
413276
413277
413278
413279
413282
413283
413286
413287
413290
413292
396909
413294
396910
413295
413297
413302
413306
413314
413318
413322
413326
413332
413334
413335
413337
413340
413342
413343
413345
413347
413350
413351
396967
413352
396968
413353
413354
413355
413356
396972
413357
396973
413358
413359
413360
413361
413362
413363
413364
413365
413374
413375
413378
413379
413382
413384
413386
413388
413390
413394
413398
413402
413406
413410
413414
413415
413420
413421
413426
413430
413434
413438
397054
397055
413442
413448
413450
413452
413454
413455
413458
413459
413462
413463
413467
413468
413469
413470
413471
413472
413473
413474
413475
413476
413477
413478
413479
413480
413481
413482
413492
413493
413497
413498
397117
413502
397118
413505
413508
413511
413513
413517
413521
413525
413529
413533
413537
413538
413543
413544
413550
413555
413559
413563
413567
413573
413575
413577
413580
413581
397199
397200
413585
413586
413590
413591
413595
413596
413597
413598
413599
413600
413601
413602
413603
413604
413605
413609
413610
413614
413615
413619
413620
413624
413625
413629
413630
413634
413635
413639
413643
397261
397262
413647
397263
413651
413655
413659
413663
413668
413673
413674
413680
413681
413686
413687
413692
413693
413698
413703
413708
413709
413714
413715
413718
413719
413723
413724
413728
397344
413729
397345
413733
413734
413738
413739
413740
413741
413742
413743
413744
413745
413746
413747
413748
413752
413753
413757
413758
413762
413763
413766
413767
413770
413771
413774
413775
413778
413782
413786
397405
413790
397406
397407
397408
413794
413798
413802
413806
413810
413811
413816
413817
413822
413823
413828
413829
413834
413839
413844
413845
413850
413851
413854
413855
413858
413859
413863
413864
413868
413869
397488
413873
397489
413874
413875
413876
413877
413878
413879
413880
413881
413882
413883
413887
413888
413892
413893
413896
413898
413900
413904
413908
413912
413916
413920
413924
413928
413932
413933
397550
397551
413937
413941
413944
413945
413948
413949
413951
413953
413957
413958
413959
413960
413961
413962
413963
413964
413965
413966
413967
413971
413972
413976
413977
413980
413982
413984
413988
413992
413996
414000
414004
414008
414012
414016
397632
414017
397633
414021
414025
414028
414029
414032
414033
414035
414037
414041
414042
414043
414044
414045
414046
414047
414048
414049
414050
414054
414055
414059
414060
414064
414065
414068
414069
414072
414073
414075
397694
397695
414081
414085
414089
414093
414101
414105
414109
414111
414113
414117
414118
414122
414123
414126
414129
414130
414131
414132
414133
414134
414135
414136
414137
414138
414139
414140
414141
414142
414143
414144
414148
414149
414153
414154
414157
414158
397775
397776
414161
414162
414164
414170
414174
414178
414182
414190
414194
414198
414200
414202
414206
414207
414211
414212
414213
414214
414215
414216
414217
414218
414219
414220
414221
397837
414222
397838
414223
414224
414225
414226
414227
414228
414229
414230
414231
414234
414237
414238
414242
414243
414246
414247
414249
414251
414254
414255
414259
414260
414264
414265
414266
414267
414268
414269
414270
414271
414272
414273
414274
414275
414276
414277
414279
414280
414281
414282
414285
414286
414289
414290
414292
414294
414297
414298
414302
414303
397919
397920
414307
414308
414309
414310
414311
414312
414313
414314
414315
414317
414318
414319
414320
414322
414323
414324
414325
414328
414330
414331
414334
414335
414338
414339
414341
414344
414346
414347
414349
414351
414354
414355
414358
414359
414362
414363
397981
397982
414367
414368
414372
414373
414374
414375
414376
414377
414378
414379
414380
414381
414382
414383
414384
414386
414387
414388
414389
414390
414392
414393
414394
414395
414398
414399
414402
414403
414405
414408
414410
414411
414413
414415
414418
414419
414422
414423
414426
414427
414430
414431
414432
414433
414434
414435
414436
414437
414438
414439
414440
414441
414442
414443
414444
414445
414446
414447
398063
414448
398064
414451
414452
414455
414456
414459
414460
414463
414464
414467
414468
414471
414472
414475
414476
414478
414481
414483
414484
414487
414488
414491
414492
414495
414496
414499
414500
414503
414505
414506
414507
414508
414509
398125
414510
398126
414511
414512
414513
414514
414515
414516
414517
414518
414519
414520
414521
414522
414523
414524
414527
414528
414531
414532
414535
414536
414539
414540
414543
414544
414547
414548
414550
414553
414555
414556
414559
414560
414563
414564
414565
414566
414567
414568
414569
414570
414571
414572
414573
414574
414575
414576
414577
414578
414579
414580
414581
414582
414583
414584
414585
414586
414587
414588
414591
398207
414592
398208
414595
414596
414599
414600
414603
414604
414607
414608
414611
414612
414615
414616
414618
414620
414623
414625
414626
414629
414631
414632
414635
414636
414637
414638
414639
414640
414642
414643
414644
414645
414646
414647
414648
414649
414650
414651
414652
414653
398269
414654
398270
414655
398271
414656
414657
414658
414659
414660
414661
414662
414663
414664
414667
414668
414671
414672
414675
414676
414679
414680
414682
414684
414687
414689
414690
414693
414695
414696
414697
414698
414699
414700
414701
414702
414703
414704
414705
414706
414707
414708
414709
414710
414711
414713
414714
414715
414717
414718
414720
414721
414723
414724
414725
414726
414729
414731
414732
414735
414736
398352
398353
414739
414740
414743
414744
414747
414748
414751
414752
414754
414755
414757
414758
414759
414760
414761
414762
414763
414764
414765
414766
414767
414768
414769
414770
414771
414772
414773
414774
414775
414776
414777
414778
414779
414780
414781
414782
414783
414784
414785
414786
414787
414788
414789
414790
414791
414792
414793
414794
414795
414796
414797
414798
398414
414799
398415
414800
398416
414801
414803
414804
414805
414806
414807
414808
414809
414810
414811
414812
414813
414814
414815
414816
414817
414818
414819
414820
414821
414822
414823
414824
398497
398498
398560
398561
398641
398642
398704
398705
398706
398707
398708
398709
398710
398711
398712
398713
398714
398715
398716
398717
398718
398719
398720
398721
398722
398723
398724
398725
398726
398727
398728
398729
398730
398731
398732
398733
398734
398735
398736
398737
398738
398739
398740
398741
398742
398743
398744
398745
398746
398747
398748
398749
398750
398751
398752
398753
398754
398755
398756
398757
398758
398759
398760
398761
398762
398763
398764
398765
398766
398767
398768
398769
398770
398771
398772
398773
398774
398775
398776
398777
398778
398779
398780
398781
398782
398783
398784
398785
398786
398787
398788
398789
398790
398791
398792
398793
398794
398795
398796
398797
398798
398799
398800
398801
398802
398803
398804
398805
398806
398807
398808
398809
398810
398811
398812
398813
398814
398815
398816
398817
398818
398819
398820
398821
398822
398823
398824
398825
398826
398827
398828
398829
398830
398831
398832
398833
398834
398835
398836
398837
398838
398839
398840
398841
398842
398843
398844
398845
398846
398847
398848
398849
398850
398851
398852
398853
398854
398855
398856
398857
398858
398859
398860
398861
398862
398863
398864
398865
398866
398867
398868
398869
398870
398871
398872
398873
398874
398875
398876
398877
398878
398879
398880
398881
398882
398883
398884
398885
398886
398887
398888
398889
398890
398891
398892
398893
398894
398895
398896
398897
398898
398899
398900
398901
398902
398903
398904
398905
398906
398907
398908
398909
398910
398911
398912
398913
398914
398915
398916
398917
398918
398919
398920
398921
398922
398923
398924
398925
398926
398927
398928
398929
398930
398931
398932
398933
398934
398935
398936
398937
398938
398939
398940
398941
398942
398943
398944
398945
398946
398947
398948
398949
398950
398951
398952
398953
398954
398955
398956
398957
398958
398959
398960
398961
398962
398963
398964
398965
398966
398967
398968
398969
398970
398971
398972
398973
398974
398975
398976
398977
398978
398979
398980
398981
398982
398983
398984
398985
398986
398987
398988
398989
398990
398991
398992
398993
399073
399074
399136
399137
399217
399218
399280
399281
399361
399362
399423
399424
399425
399506
399507
399567
399568
399569
399650
399651
399712
399713
399794
399795
399856
399857
399938
399939
400000
400001
400081
400082
400143
400144
400224
400225
400286
400287
400368
400369
400430
400431
400432
400512
400513
400573
400574
400575
400655
400656
400717
400718
400719
400799
400800
400862
400863
400864
400865
400866
400867
400868
400869
400870
400871
400872
400873
400874
400875
400876
400877
400878
400879
400880
400881
400882
400883
400884
400885
400886
400887
400888
400889
400890
400891
400892
400893
400894
400895
400896
400897
400898
400899
400900
400901
400902
400903
400904
400905
400906
400907
400908
400909
400910
400911
400912
400913
400914
400915
400916
400917
400918
400919
400920
400921
400922
400923
400924
400925
400926
400927
400928
400929
400930
400931
400932
400933
400934
400935
400936
400937
400938
400939
400940
400941
400942
400943
400944
400945
400946
400947
400948
400949
400950
400951
400952
400953
400954
400955
400956
400957
400958
400959
400960
400961
400962
400963
400964
400965
400966
400967
400968
400969
400970
400971
400972
400973
400974
400975
400976
400977
400978
400979
400980
400981
400982
400983
400984
400985
400986
400987
400988
400989
400990
400991
400992
400993
400994
400995
400996
400997
400998
400999
401000
401001
401002
401003
401004
401005
401006
401007
401008
401009
401010
401011
401012
401013
401014
401015
401016
401017
401018
401019
401020
401021
401022
401023
401024
401025
401026
401027
401028
401029
401030
401031
401032
401033
401034
401035
401036
401037
401038
401039
401040
401041
401042
401043
401044
401045
401046
401047
401048
401049
401050
401051
401052
401053
401054
401055
401056
401057
401058
401059
401060
401061
401062
401063
401064
401065
401066
401067
401068
401069
401070
401071
401072
401073
401074
401075
401076
401077
401078
401079
401080
401081
401082
401083
401084
401085
401086
401087
401088
401089
401090
401091
401092
401093
401094
401095
401096
401097
401098
401099
401100
401101
401102
401103
401104
401105
401106
401107
401108
401109
401110
401111
401112
401113
401114
401115
401116
401117
401118
401119
401120
401121
401122
401123
401124
401125
401126
401127
401128
401129
401130
401131
401132
401133
401134
401135
401136
401137
401138
401139
401140
401141
401142
401143
401144
401145
401146
401147
401148
401149
401150
401151
401231
401232
401294
401295
401376
401377
401440
401441
401522
401523
401585
401586
401667
401668
401729
401730
401731
401732
401813
401814
401875
401876
385519
385520
385521
385522
385523
385524
385525
385526
385527
385528
385529
385530
385531
385532
385533
385534
385535
385536
385537
385538
385539
385540
385541
385542
385543
385544
385545
385546
385547
385548
385549
385550
385551
385552
385553
385554
385555
385556
385557
385558
385559
385560
385561
385562
385563
385564
385565
385566
385567
385568
385569
385570
385571
385572
385573
401957
385574
401958
385575
385576
385577
385578
385579
385580
385581
385582
385583
385584
385585
385586
385587
385588
385589
385590
385591
385592
385593
385594
385595
385596
385597
385598
385599
385600
385601
385602
385603
385604
385605
385606
385607
385608
385609
385610
385611
385612
385613
385614
385615
385616
385617
385618
385619
385620
385621
385622
385623
385624
385625
385626
385627
385628
385629
385630
385631
385632
385633
385634
385635
402019
385636
402020
385637
385638
385639
385640
385641
385642
385643
385644
385645
385646
385647
385648
385649
385650
385651
385652
385653
385654
385655
385656
385657
385658
385659
385660
385661
385662
385663
385664
385665
385666
385667
385668
385669
385670
385671
385672
385673
385674
385675
385676
385677
385678
385679
385680
385681
385682
385683
385684
385685
385686
385687
385688
385689
385690
385691
385692
385693
385694
385695
385696
385697
385698
385699
385700
385701
385702
385703
385704
385705
385706
385707
385708
385709
385710
385711
385712
385713
385714
385715
385716
385717
402101
385718
402102
385719
385720
385721
385722
385723
385724
385725
385726
385727
385728
385729
385730
385731
385732
385733
385734
385735
385736
385737
385738
385739
385740
385741
385742
385743
385744
385745
385746
385747
385748
385749
385750
385751
385752
385753
385754
385755
385756
385757
385758
385759
385760
385761
385762
385763
385764
385765
385766
385767
385768
385769
385770
385771
385772
385773
385774
385775
385776
385777
385778
385779
402163
385780
402164
385781
385782
385783
385784
385785
385786
385787
385788
385789
385790
385791
385792
385793
385794
385795
385796
385797
385798
385799
385800
385801
385802
385803
385804
385805
385806
385807
385808
385809
385810
385811
385812
385813
385814
385815
385816
385817
385818
385819
385820
385821
385822
385823
385824
385825
385826
385827
385828
385829
385830
385831
385832
385833
385834
385835
385836
385837
385838
385839
385840
385841
385842
385843
385844
385845
385846
385847
385848
385849
385850
385851
385852
385853
385854
385855
385856
385857
385858
385859
385860
385861
402245
385862
402246
385863
385864
385865
385866
385867
385868
385869
385870
385871
385872
385873
385874
385875
385876
385877
385878
385879
385880
385881
385882
385883
385884
385885
385886
385887
385888
385889
385890
385891
385892
385893
385894
385895
385896
385897
385898
385899
385900
385901
385902
385903
385904
385905
385906
385907
385908
385909
385910
385911
385912
385913
385914
385915
385916
385917
385918
385919
385920
385921
385922
385923
402307
385924
402308
385925
385926
385927
385928
385929
385930
385931
385932
385933
385934
385935
385936
385937
385938
385939
385940
385941
385942
385943
385944
385945
385946
385947
385948
385949
385950
385951
385952
385953
385954
385955
385956
385957
385958
385959
385960
385961
385962
385963
385964
385965
385966
385967
385968
385969
385970
385971
385972
385973
385974
385975
385976
385977
385978
385979
385980
385981
385982
385983
385984
385985
385986
385987
385988
385989
385990
385991
385992
385993
385994
385995
385996
385997
385998
385999
386000
386001
386002
386003
386004
402388
386005
402389
386006
386007
386008
386009
386010
386011
386012
386013
386014
386015
386016
386017
386018
386019
386020
402450
402451
402452
386101
386102
386105
386106
386107
402532
402533
386186
386187
386188
386189
386190
386191
386192
386193
386194
386195
386196
386197
386198
386199
386200
386201
386202
386203
386204
386205
386206
386207
386208
386209
386210
386211
402595
386212
402596
386213
386214
386215
386216
386217
386218
386219
386220
386221
386222
386223
386224
386225
386226
386227
386228
386229
386230
386231
386232
386233
386234
386235
386236
386237
386238
386239
386240
386241
386242
386243
386244
386245
386246
386247
386248
386249
386250
386251
386252
386253
386254
386255
386256
386257
386258
386259
386260
386261
386262
386263
386264
386265
386266
386267
386268
386271
386272
386273
386274
386275
386276
386277
386278
386279
386280
386281
386282
386283
386284
386285
386286
386287
386288
386289
386290
386291
386292
386293
402677
386294
402678
386295
386296
386297
386298
386299
386300
386301
386302
386303
386304
386305
386306
386307
386308
386309
386310
386311
386312
386313
386314
386315
386316
386317
386318
386319
386320
386321
386322
386323
386324
386325
386326
386327
386328
386329
386330
386331
386332
386333
386334
386335
386336
386337
386338
386339
386340
386341
386342
386343
386344
386345
386346
386347
386348
386349
386350
386351
386352
386353
386354
386355
402739
386356
386357
402741
386358
402742
386359
386360
386361
386362
386363
386364
386365
386366
386367
386368
386369
386370
386371
386372
386373
386374
386375
386376
386377
386378
386379
386380
386381
386382
386383
386384
386385
386386
386387
386388
386389
386390
386391
386392
386393
386394
386395
386396
386397
386398
386399
386400
386401
386402
386403
386404
386405
386406
386407
386408
386409
386410
386411
386412
386413
386414
386415
386416
386417
386418
386419
386420
386421
386422
386423
386424
386425
386426
386427
386428
386429
386430
386431
386432
386433
386434
386435
386436
386437
386438
386439
402823
386440
402824
386441
386442
386443
386444
386445
386446
386447
386448
386449
386450
386451
386452
386453
386454
386455
386456
386457
386458
386459
386460
386461
386462
386463
386464
386465
386466
386467
386468
386469
386470
386471
386472
386473
386474
386475
386476
386477
386478
386479
386480
386481
386482
386483
386484
386485
386486
386487
386488
386489
386490
386491
386492
386493
386494
386495
386496
386497
386498
386499
386500
386501
386502
386503
402887
386504
402888
386505
386506
386507
386508
386509
386510
386511
386512
386513
386514
386515
386516
386517
386518
386519
386520
386521
386522
386523
386524
386525
386526
386527
386528
386529
386530
386531
386532
386533
386534
386535
386536
386537
386538
386539
386540
386541
386542
386543
386544
386545
386546
386547
386548
386549
386550
386551
386552
386553
386554
386555
386556
386557
386558
386559
386560
386561
386562
386563
386564
386565
386566
386567
386568
386569
386570
386571
386572
386573
386574
386575
386576
386577
386578
386579
386580
386581
386582
386583
386584
402968
386585
402969
386586
386587
386588
386589
386590
386591
386592
386593
386594
386595
386596
386597
386598
386599
386600
386601
386602
386603
386604
386605
386606
386607
386608
386609
386610
386611
386612
386613
386614
386615
386616
386617
386618
386619
386620
386621
386622
386623
386624
386625
386626
386627
386628
386629
386630
386631
386632
386633
386634
386635
386636
386637
386638
386639
386640
386641
386642
386643
386644
386645
386646
386647
386648
403032
386649
403033
386650
403034
386651
403035
386652
403036
386653
403037
386654
403038
386655
403039
386656
403040
386657
403041
386658
403042
386659
403043
386660
403044
386661
403045
386662
403046
386663
403047
386664
403048
386665
403049
386666
403050
386667
403051
386668
403052
386669
403053
386670
403054
386671
403055
386672
403056
386673
403057
386674
403058
386675
403059
386676
403060
386677
403061
386678
403062
386679
403063
386680
403064
386681
403065
386682
403066
386683
403067
386684
403068
386685
403069
386686
403070
386687
403071
386688
403072
386689
403073
386690
403074
386691
403075
386692
403076
386693
403077
386694
403078
386695
403079
386696
403080
386697
403081
386698
403082
386699
403083
386700
403084
386701
403085
386702
403086
386703
403087
386704
403088
386705
403089
386706
403090
386707
403091
386708
403092
386709
403093
386710
403094
386711
403095
386712
403096
386713
403097
386714
403098
386715
403099
386716
403100
386717
403101
386718
403102
386719
403103
386720
403104
386721
403105
386722
403106
386723
403107
386724
403108
386725
403109
386726
403110
386727
403111
386728
403112
386729
403113
386730
403114
386731
403115
386732
403116
386733
403117
386734
403118
386735
403119
386736
403120
386737
403121
386738
403122
386739
403123
386740
403124
386741
403125
386742
403126
386743
403127
386744
403128
386745
403129
386746
403130
386747
403131
386748
403132
386749
403133
386750
403134
386751
403135
386752
403136
386753
403137
386754
403138
386755
403139
386756
403140
386757
403141
386758
403142
386759
403143
386760
403144
386761
403145
386762
403146
386763
403147
386764
403148
386765
403149
386766
403150
386767
403151
386768
403152
386769
403153
386770
403154
386771
403155
386772
403156
386773
403157
386774
403158
386775
403159
386776
403160
386777
403161
386778
403162
386779
403163
386780
403164
386781
403165
386782
403166
386783
403167
386784
403168
386785
403169
386786
403170
386787
403171
386788
403172
386789
403173
386790
403174
386791
403175
386792
403176
386793
403177
386794
403178
386795
403179
386796
403180
386797
403181
386798
403182
386799
403183
386800
403184
386801
403185
386802
403186
386803
403187
386804
403188
386805
403189
386806
403190
386807
403191
386808
403192
386809
403193
386810
403194
386811
403195
386812
403196
386813
403197
386814
403198
386815
403199
386816
403200
386817
403201
386818
403202
386819
403203
386820
403204
386821
403205
386822
403206
386823
403207
386824
403208
386825
403209
386826
403210
386827
403211
386828
403212
386829
403213
386830
403214
386831
403215
386832
403216
386833
403217
386834
403218
386835
403219
386836
403220
386837
403221
386838
403222
386839
403223
386840
403224
386841
403225
386842
403226
386843
403227
386844
403228
386845
403229
386846
403230
386847
403231
386848
403232
386849
403233
386850
403234
386851
403235
386852
403236
386853
403237
386854
403238
386855
403239
386856
403240
386857
403241
386858
403242
386859
403243
386860
403244
386861
403245
386862
403246
386863
403247
386864
403248
386865
403249
386866
403250
386867
403251
386868
403252
386869
403253
386870
403254
386871
403255
386872
403256
386873
403257
386874
403258
386875
403259
386876
403260
386877
403261
386878
403262
386879
403263
386880
403264
386881
403265
386882
403266
386883
403267
386884
403268
386885
403269
386886
403270
386887
403271
386888
403272
386889
403273
386890
403274
386891
403275
386892
403276
386893
403277
386894
403278
386895
403279
386896
403280
386897
403281
386898
403282
386899
403283
386900
403284
386901
403285
386902
403286
386903
403287
386904
403288
386905
403289
386906
403290
386907
403291
386908
403292
386909
403293
386910
403294
386911
386912
386913
386914
386915
386916
386917
386918
386919
386920
386921
386922
386923
386924
386925
386926
386927
386928
386929
386930
386931
386932
386934
403321
403322
386939
403323
386940
403324
386941
403325
386942
403326
386943
403327
386944
386945
386946
386947
386948
386949
386950
386951
386952
386953
386954
386955
386956
386957
386958
386959
386960
386961
386962
386963
386964
386965
386966
386967
386968
386969
386970
386971
386972
403356
386973
403357
386974
403358
386975
403359
386976
403360
386977
386978
386979
403363
386980
403364
386981
386982
386983
403367
386984
403368
386985
403369
386986
403370
386987
403371
386988
386989
386990
386991
386992
386993
386994
386995
386996
386997
386998
386999
387000
387001
387002
387003
387004
387005
387006
387007
387008
387009
387010
387011
387012
387013
387014
387015
387016
387017
387018
403416
403417
403418
403419
403420
403421
403422
403423
403424
403425
403426
403427
403508
403509
387183
387184
403572
403573
403653
403654
403716
403717
387350
387351
403797
403798
403861
403862
387517
387518
403943
403944
404006
404007
404008
387683
387684
404089
404090
404151
404152
404153
387849
404233
387850
404234
404295
404296
404297
404377
404378
388015
388016
388017
388018
388019
388020
388021
388022
388023
388024
388025
388026
388027
388028
388029
388030
388031
388032
388033
388034
388035
388036
388037
388038
388039
388040
388041
388042
388043
388044
388045
388046
388047
388048
388049
388050
388051
388052
388053
388054
388055
404439
388056
404440
388057
404441
388058
404442
388059
388060
388061
388062
388063
388064
388065
388066
388067
388068
388069
388070
388071
388072
388073
388074
388075
388076
388077
388078
388079
388080
388081
388082
388083
388084
388085
388086
388087
388088
388089
388090
388091
388092
388093
388094
388095
388096
388097
388098
388099
388100
388101
388102
388103
388104
388105
388106
388107
388108
388109
388110
388111
388112
388113
388114
388115
388116
388117
388118
388119
388120
388121
388122
388123
388124
388125
388126
388127
388128
388129
388130
388131
388132
388133
388134
388135
388136
388137
388138
404522
388139
404523
388140
388141
388142
388143
388144
388145
388146
388147
388148
388149
388150
388151
388152
388153
388154
388155
388156
388157
388158
388159
388160
388161
388162
388163
388164
388165
388166
388167
388168
388169
388170
388171
388172
388173
388174
388175
388176
388177
388178
388179
388180
388181
388182
388183
388184
388185
388186
388187
388188
388189
388190
388191
388192
388193
388194
388195
388196
388197
388198
388199
388200
404584
388201
404585
388202
404586
388203
388204
388205
388206
388207
388208
388209
388210
388211
388212
388213
388214
388215
388216
388217
388218
388219
388220
388221
388222
388223
388224
388225
388226
388227
388228
388229
388230
388231
388232
388233
388234
388235
388236
388237
388238
388239
388240
388241
388242
388243
388244
388245
388246
388247
388248
388249
388250
388251
388252
388253
388254
388255
388256
388257
388258
388259
388260
388261
388262
388263
388264
388265
388266
388267
388268
388269
388270
388271
388272
388273
388274
388275
388276
388277
388278
388279
388280
388281
404665
388282
404666
388283
388284
388285
388286
388287
388288
388289
388290
388291
388292
388293
388294
388295
388296
388297
388298
388299
388300
388301
388302
388303
388304
388305
388306
388307
388308
388309
388310
388311
388312
388313
388314
388315
388316
388317
388318
388319
388320
388321
388322
388323
388324
388325
388326
388327
388328
388329
388330
388331
388332
388333
388334
388335
388336
388337
388338
388339
388340
388341
388342
388343
388344
404728
388345
404729
388346
404730
388347
388348
388349
404810
404811
388431
404874
404875
388514
388515
404956
404957
405020
405021
388680
388681
405101
405102
405164
405165
405166
405167
405168
405169
405170
405171
405172
405173
405174
405175
405176
405177
405178
405179
405180
405181
405182
405183
405184
405185
405186
405187
405188
405189
405190
405191
405192
405193
405194
405195
405196
405197
405198
405199
405200
405201
405202
405203
405204
405205
405206
405207
405208
405209
405210
405211
405212
405213
405214
405215
405216
405217
405218
405219
405220
405221
405222
405223
405224
405225
405226
405227
405228
405229
388846
405230
388847
405231
405232
405233
405234
405235
405236
405237
405238
405239
405240
405241
405242
405243
405244
405245
405246
405247
405248
405249
405250
405251
405252
405253
405254
405255
405256
405257
405258
405259
405260
405261
405262
405263
405264
405265
405266
405267
405268
405269
405270
405271
405272
405273
405274
405275
405276
405277
405278
405279
405280
405281
405282
405283
405284
405285
405286
405287
405288
405289
405290
405291
405292
405293
405294
405295
405296
405297
405298
405299
405300
405301
405302
405303
405304
405305
405306
405307
405308
405309
405310
405311
405312
405313
405314
405315
405316
405317
405318
405319
405320
405321
405322
405323
405324
405325
405326
405327
405328
405329
405330
405331
405332
405333
405334
405335
405336
405337
405338
405339
405340
405341
405342
405343
405344
405345
405346
405347
405348
405349
405350
405351
405352
405353
405354
405355
405356
405357
405358
405359
405360
405361
405362
405363
405364
405365
405366
405367
405368
405369
405370
405371
405372
405373
405374
405375
405376
405377
405378
405379
405380
405381
405382
405383
405384
405385
405386
405387
405388
405389
405390
405391
405392
405393
405394
405395
405396
405397
389014
405398
389015
405399
405400
405401
405402
405403
405404
405405
405406
405407
405408
405409
405410
405411
405412
405413
405414
405415
405416
405417
405418
405419
405420
405421
405422
405423
405424
405425
405426
405427
405428
405429
405430
405431
405432
405433
405434
405435
405436
405437
405438
405439
405440
405441
405442
405443
405444
405445
405446
405447
405448
405449
405450
405451
405531
405532
389182
389183
405594
405595
405676
405677
389350
389351
405740
405741
405822
405823
405886
405887
389517
389518
405968
405969
406032
406033
389684
389685
406114
406115
406177
406178
406179
389850
389851
389852
389853
389854
389855
389856
389857
389858
389859
389860
389861
389862
389863
389864
389865
389866
389867
389868
389869
389870
389871
389872
389873
389874
389875
406259
389876
406260
389877
389878
389879
389880
389881
389882
389883
389884
389885
389886
389887
389888
389889
389890
389891
389892
389893
389894
389895
389896
389897
389898
389899
389900
389901
389902
389903
389904
389905
389906
389907
389908
389909
389910
389911
389912
389913
389914
389915
389916
389917
389918
389919
389920
389921
389922
389923
389924
389925
389926
389927
389928
389929
389930
389931
389932
389933
389934
389935
389936
389937
389938
406322
389939
406323
389940
406324
389941
389942
389943
389944
389946
389947
389948
389949
389950
389951
389952
389953
389954
389955
389956
389957
389958
389959
389960
389961
389962
389963
389964
389965
389966
389967
389968
389969
389970
389971
389972
389973
389974
389975
389976
389977
389978
389979
389980
389981
389982
389983
389984
389985
389986
389987
389988
389989
389990
389991
389992
389993
389994
389995
389996
389997
389998
389999
390000
390001
390002
390003
390004
390005
390006
390007
390008
390009
390010
390011
390012
390013
390014
390015
390016
390017
390018
390019
390020
390021
406405
390022
406406
390023
390024
390025
390026
390027
390028
390029
390030
390031
390032
390033
390034
390035
390036
390037
390038
390039
390040
390041
390042
390043
390044
390045
390046
390047
390048
390049
390050
390051
390052
390053
390054
390055
390056
390057
390058
390059
390060
390061
390062
390063
390064
390065
390066
390067
390068
390069
390070
390071
390072
390073
390074
390075
390076
390077
390078
390079
390080
390081
390082
390083
390084
406468
390085
406469
390086
406470
390087
390088
390089
390090
390091
390092
390093
390094
390095
390096
390097
390098
390099
390100
390101
390102
390103
390104
390105
390106
390107
390108
390109
390110
390111
390112
390113
390114
390115
390116
390117
390118
390119
390120
390121
390122
390123
390124
390125
390126
390127
390128
390129
390130
390131
390132
390133
390134
390135
390136
390137
390138
390139
390140
390141
390142
390143
390144
390145
390146
390147
390148
390149
390150
390151
390152
390153
390154
390155
390156
390157
390158
390159
390160
390161
390162
390163
390164
390165
390166
390167
406551
390168
406552
390169
390170
390171
390172
390173
390174
390175
390176
390177
390178
390179
390180
390181
390182
390183
390184
390185
390186
390187
390188
406614
406615
406616
406617
406697
406698
390353
390354
406761
406762
406843
406844
390519
390520
406907
406908
406988
406989
407051
407052
407053
407054
407055
407056
407057
407058
407059
407060
407061
407062
407063
407064
407065
407066
407067
407068
390685
407069
390686
407070
407071
407072
407073
407074
407075
407076
407077
407078
407079
407080
407081
407082
407083
407084
407085
407086
407087
407088
407089
407090
407095
407096
407097
407098
407099
407100
407101
407102
407103
407104
407105
407106
407107
407108
407109
407110
407111
407112
407113
407114
407115
407116
407117
407118
407119
407120
407121
407122
407123
407124
407125
407126
407127
407128
407129
407130
407131
407132
407133
407134
407135
407136
407137
407138
407139
407140
407141
407142
407143
407144
407145
407146
407147
407148
407149
407150
407151
407152
407153
407154
407155
407156
407157
407158
407159
407160
407161
407162
407163
407164
407165
407166
407167
407168
407169
407170
407171
407172
407173
407174
407175
407176
407177
407178
407179
407180
407181
407182
407183
407184
407185
407186
407187
407188
407189
407190
407191
407192
407193
407194
407195
407196
407197
407198
407199
407200
407201
407202
407203
407204
407205
407206
407207
407208
407209
407210
407211
407212
407213
407214
407215
407216
407217
407218
407219
407220
407221
407222
407223
407224
407225
407226
407227
407228
407229
407230
407231
407232
407233
407234
407235
390852
407236
390853
407237
407238
407239
407240
407241
407242
407243
407244
407245
407246
407247
407248
407249
407250
407251
407252
407253
407254
407255
407256
407257
407258
407259
407260
407261
407262
407263
407264
407265
407266
407267
407268
407269
407270
407271
407272
407273
407274
407275
407276
407277
407278
407279
407280
407281
407282
407283
407284
407285
407286
407287
407288
407289
407290
407291
407292
407293
407294
407295
407296
407297
407298
407299
407300
407301
407302
407303
407304
407305
407306
407307
407308
407309
407310
407311
407312
407313
407314
407315
407345
407346
407347
407348
407349
407350
407351
407352
407353
407382
407383
407384
407385
407386
407387
407388
407389
407390
407391
407392
407393
407394
391019
391020
407443
407444
407445
407446
407447
407448
407449
407450
407451
407531
407532
391186
391187
407594
407595
407675
407676
391353
391354
391355
407739
407740
407821
407822
407884
407885
391521
391522
407966
407967
408030
408031
391689
391690
408112
408113
408176
408177
391855
391856
408258
408259
408322
408323
408403
408404
392021
392022
392023
392024
392025
392026
392027
392028
392029
392030
392031
392032
392033
392034
392035
392036
392037
392038
392039
392040
392041
392042
392043
392044
392045
392046
392047
392048
392049
392050
392051
392052
392053
392054
392055
392056
392057
392058
392059
392060
392061
392062
392063
392064
392065
392066
392067
392068
392069
392070
392071
392072
392073
392074
392075
392076
392077
392078
392079
392080
392081
392082
392083
408467
392084
408468
392085
392086
392087
392088
392089
392090
392091
392092
392093
392094
392095
392096
392097
392098
392099
392100
392101
392102
392103
392104
392105
392106
392107
392108
392109
392110
392111
392112
392113
392114
392115
392116
392117
392118
392119
392120
392121
392122
392123
392124
392125
392126
392127
392128
392129
392130
392131
392132
392133
392134
392135
392136
392137
392138
392139
392140
392141
392142
392143
392144
392145
392146
392147
392148
392149
392150
392151
392152
392153
392154
392155
392156
392157
392158
392159
392160
392161
392162
392163
392164
392165
408549
392166
408550
392167
392168
392169
392170
392171
392172
392173
392174
392175
392176
392177
392178
392179
392180
392181
392182
392183
392184
392185
392186
392187
392188
392189
392190
392191
392192
392193
392194
392195
392196
392197
392198
392199
392200
392201
392202
392203
392204
392205
392206
392207
392208
392209
392210
392211
392212
392213
392214
392215
392216
392217
392218
392219
392220
392221
392222
392223
392224
392225
392226
392227
392228
392229
408613
392230
408614
392231
392232
392233
392234
392235
392236
392237
392238
392239
392240
392241
392242
392243
392244
392245
392246
392247
392248
392249
392250
392251
392252
392253
392254
392255
392256
392257
392258
392259
392260
392261
392262
392263
392264
392265
392266
392267
392268
392269
392270
392271
392272
392273
392274
392275
392276
392277
392278
392279
392280
392281
392282
392283
392284
392285
392286
392287
392288
392289
392290
392291
392292
392293
392294
392295
392296
392297
392298
392299
392300
392301
392302
392303
392304
392305
392306
392307
392308
392309
392310
408694
392311
408695
392312
392313
392314
392315
392316
392317
392318
392319
392320
392321
392322
392323
392324
392325
392326
392327
392328
392329
392330
392331
392332
392333
392334
392335
392336
392337
392338
392339
392340
392341
392342
392343
392344
392345
392346
392347
392348
392349
392350
392351
392352
392353
392354
408757
408758
392435
392436
392437
392438
392439
392440
392441
392442
392443
392444
392445
392446
392447
408831
392448
408832
392449
408833
392450
392451
392452
392453
392454
408838
392455
408839
392456
408894
408895
408896
408901
408902
408903
392520
408904
392521
408905
408906
408907
408908
408909
408910
408911
408912
408913
408914
408915
408916
408917
408918
408919
408920
408921
408922
408923
408924
408925
408926
408927
408928
408929
408930
408931
408932
408933
408934
408935
408936
408937
408938
408939
408940
408941
408942
408943
408944
408945
408946
408947
408948
408949
408950
408951
408952
408953
408954
408955
408956
408957
408958
408959
408960
408961
408962
408963
408964
408965
408966
408967
408968
408969
408970
408971
408972
408973
408974
408975
408976
408977
408978
408979
408980
408981
408982
408983
408984
408985
408986
392603
408987
392604
408988
392605
408989
392606
408990
392607
408991
392608
408992
392609
408993
392610
408994
392611
408995
392612
408996
392613
408997
392614
408998
392615
408999
392616
409000
392617
409001
392618
409002
392619
409003
392620
409004
392621
409005
392622
409006
392623
409007
392624
409008
409009
409010
409011
409012
409013
409014
409015
409016
409017
409018
409019
409020
409021
409022
409023
409024
409025
409026
409027
409028
409029
409030
409031
409032
409033
409034
409035
409036
409037
409038
409039
409040
409041
409042
409043
409044
409045
409046
409047
409048
409049
409050
409051
409052
409053
409054
409055
409056
409057
409058
409059
409060
409061
409062
409063
409064
409065
409066
409067
409068
409069
409070
392687
409071
392688
409072
409073
409074
409075
409076
409077
409078
409079
409080
409081
409082
409083
409084
409085
409086
409087
409088
409089
409090
409091
409092
409093
409094
409095
409096
409097
409098
409099
409100
409101
409102
409103
409104
409105
409106
409107
409108
409109
409110
409111
409112
409113
409114
409115
409116
409117
409118
409119
409120
409121
409122
409123
409124
409125
409126
409127
409128
409129
409130
409131
409132
409133
409134
409135
409136
409137
409138
409139
409140
409141
409142
409143
409144
409145
409146
409147
409148
409149
409150
409151
409152
409153
392770
409154
392771
409155
392772
409156
392773
409157
392774
409158
392775
409159
392776
409160
392777
409161
392778
409162
392779
409163
392780
392781
392782
392783
392784
392785
392786
392787
392788
392789
392790
392791
409194
409195
409196
409197
409198
409199
409200
409201
409202
409203
409204
409234
409235
409236
409237
392854
409238
392855
409239
409240
409241
409242
409243
409297
409298
409299
409300
409301
409302
392936
392937
392938
392939
392940
392941
392942
392943
392944
392945
392946
392947
392948
392949
392950
392951
392952
392953
392954
392955
392956
392957
409382
409383
393021
393022
409445
409446
393103
393104
393105
393106
393107
393108
393109
393110
393111
393112
393113
393114
393115
393116
393117
393118
393119
393120
393121
393122
393123
393124
409526
409527
393187
393188
393189
409589
409590
)


// ************************************************************************* //
