/*--------------------------------*- C++ -*----------------------------------*\
| =========                 |                                                 |
| \\      /  F ield         | OpenFOAM: The Open Source CFD Toolbox           |
|  \\    /   O peration     | Version:  2406                                  |
|   \\  /    A nd           | Website:  www.openfoam.com                      |
|    \\/     M anipulation  |                                                 |
\*---------------------------------------------------------------------------*/
FoamFile
{
    version     2.0;
    format      ascii;
    arch        "LSB;label=32;scalar=64";
    class       cellSet;
    location    "constant/polyMesh/sets";
    object      nonClosedCells;
}
// * * * * * * * * * * * * * * * * * * * * * * * * * * * * * * * * * * * * * //


427
(
401440
401441
409733
409734
393355
393356
393357
401585
401586
409879
409880
393521
393522
393523
401729
401730
401731
410024
410025
401875
393689
393690
393691
410106
410169
410170
402019
402020
393856
393857
385679
385683
385688
410313
410314
402163
402164
410394
394023
394024
385853
385854
410457
410458
402307
402308
410537
394190
394191
386019
386020
410600
402450
402451
402452
410716
394356
394357
386186
386187
402595
402596
410795
410796
410797
410859
410860
394517
394518
394523
386352
386353
402739
402741
402742
410940
410941
411003
411004
394656
394657
394661
394662
402887
402888
411084
386518
386519
411147
411148
394805
394806
403032
403033
386686
386687
411291
411292
403113
394951
394952
386768
386769
403176
403177
411372
403234
386851
386852
411436
411437
403282
403283
395096
395097
386934
411516
411517
403363
411579
411580
387017
387018
403426
403427
395239
395241
395242
395243
411659
411660
411661
411723
387183
387184
403572
403573
395385
395386
395387
411799
403716
403717
395529
395530
395531
387350
387351
411937
411938
411999
403861
403862
395674
395675
412078
412079
387517
387518
412141
412142
404006
404007
404008
395818
412222
387683
387684
412285
412286
404151
404152
404153
395962
395963
395964
412365
412366
387849
387850
412429
412430
404295
404296
404297
396108
396109
412509
412510
412572
388015
388016
404439
404440
404441
404442
396253
396254
388181
388183
404584
404585
404586
396398
396399
388265
404728
404729
404730
388348
388349
396543
396544
388431
404875
396687
396688
396692
396693
388514
388515
396824
396825
405020
396828
405021
396829
396834
388680
388681
405101
396967
396968
405164
396972
405165
396973
388846
388847
405244
405307
405308
397117
397118
405387
405388
389014
389015
405450
405451
397261
397262
397263
405531
389182
389183
405594
405595
397405
397406
397408
389350
389351
405740
405741
397550
397551
397694
397695
389517
389518
397837
397838
406032
406033
389684
389685
397981
397982
406177
406179
389850
389851
398125
406322
406324
390016
390022
398269
398270
398271
406468
406470
390187
390188
398414
398415
398416
406614
406616
406617
390353
390354
398560
398561
406762
398704
398705
390519
390520
406907
406908
398848
398849
398854
407051
407052
390685
390686
407132
398987
398988
398992
398993
407195
390852
390853
407258
407259
407308
399136
399137
407387
407388
391020
407450
407451
399280
399281
407531
391187
407594
407595
399423
399424
399425
391353
391354
407739
391355
407740
399567
399568
407884
407885
399712
391521
391522
408030
408031
399856
399857
391689
391690
408177
400000
400001
391855
391856
408323
400143
400144
392021
392022
408467
408468
400286
400287
392187
392188
408613
408614
400430
400431
400432
392353
392354
408757
408758
400573
400574
400575
408838
408901
408902
392520
392521
400717
400718
400719
408979
409039
400862
400863
392687
392688
409158
401006
401007
409237
409238
392854
392855
409301
409302
401150
401151
393021
393022
409445
409446
401294
401295
393187
393189
409589
409590
)


// ************************************************************************* //
