/*--------------------------------*- C++ -*----------------------------------*\
| =========                 |                                                 |
| \\      /  F ield         | OpenFOAM: The Open Source CFD Toolbox           |
|  \\    /   O peration     | Version:  2406                                  |
|   \\  /    A nd           | Website:  www.openfoam.com                      |
|    \\/     M anipulation  |                                                 |
\*---------------------------------------------------------------------------*/
FoamFile
{
    version     2.0;
    format      ascii;
    arch        "LSB;label=32;scalar=64";
    class       faceSet;
    location    "constant/polyMesh/sets";
    object      nonOrthoFaces;
}
// * * * * * * * * * * * * * * * * * * * * * * * * * * * * * * * * * * * * * //


3432
(
950273
950275
950276
294916
294926
294928
65572
81988
131150
131151
901200
245840
901201
901202
294995
966742
213088
125
114819
163979
164015
295096
295098
950463
950464
950465
950467
950468
950469
950470
950471
966863
934122
934123
934124
147692
934125
934126
934127
49414
917789
917790
917791
917792
246071
901449
901450
901451
901452
901454
295282
229757
164243
295318
49582
246216
295376
295381
967151
967152
967153
131595
164380
180765
295468
279084
180795
918084
918085
918086
918087
918088
918089
918099
918100
918101
918102
918103
918104
918105
918106
967274
967275
950900
950901
950902
950903
950904
950905
950906
934549
934550
934551
934552
934553
934554
197283
246437
33472
295633
295646
246517
967431
967432
967433
967434
967435
148253
901946
901948
901949
901950
901951
901953
99140
17240
295789
50034
50047
17283
967556
967557
82821
967559
295815
295830
295878
295879
50123
246743
918495
918496
918497
918498
918499
918500
918501
918502
918503
918504
99308
918511
918512
918513
918514
918515
918516
918527
918530
918531
918533
17417
295946
967715
967716
951332
967718
951334
951335
967720
951336
951337
17449
951338
951339
951340
951341
295982
132142
132144
934974
934976
934977
934978
934979
934980
934981
934982
934984
296012
296045
296048
279683
296093
967841
967842
967843
967844
296105
296114
296223
902445
902446
132398
902447
902448
902449
902450
902451
902452
902453
968001
968002
968003
247123
83332
918925
918926
918927
918928
918930
918931
918934
918941
918942
918943
918944
918945
918946
918947
918948
918949
230824
148917
968124
968126
968127
165326
280015
951766
951768
951771
951772
951773
951774
935401
935402
935403
935404
935405
935406
935407
935408
148983
296484
247340
280121
968267
296523
968268
968279
296538
280157
280158
968291
247403
968303
968310
968313
968315
296572
968372
968375
968378
968382
116418
968389
968401
165593
968412
968415
968416
247522
968426
968427
968429
968430
968431
902951
902952
968489
902953
902954
902955
968492
902956
902957
968495
116529
116530
968499
968506
968509
968513
296774
919372
968525
968526
919375
968528
919376
919377
968530
919378
919379
968532
919380
919381
919382
919383
968544
968547
968556
968559
296821
968568
296828
968577
968580
968582
952200
952204
952205
952206
952207
952208
952209
952210
935827
935828
935829
935831
935832
935833
935834
968647
968659
34774
968666
968670
968674
968679
296935
968682
968686
968690
968695
968706
296964
968715
968723
968725
968726
296983
968729
968730
968742
968743
34855
968744
968745
968747
968748
968749
247863
247864
968764
968767
968779
968782
968792
968799
968802
968804
968812
968816
968818
968822
297088
297089
297090
968837
968841
968850
968853
51351
968866
968868
297126
968872
968878
968880
968884
968886
968889
968898
968901
968917
297178
968926
968937
968949
919802
248058
919803
919804
919805
919806
919807
231679
919808
919809
919810
919811
919812
919813
919814
149775
903450
903453
903454
903455
903456
903457
952633
952635
969021
936253
936254
936255
969024
952640
936256
952641
936257
952642
936258
969027
952643
936259
133443
952644
936260
936261
952646
936262
969031
936263
936264
969033
969037
280911
969041
969044
969047
969050
969052
969057
969061
969065
35185
51572
248194
969115
969127
182747
969197
969201
969202
969205
969208
969209
969212
117244
969213
969214
969216
969218
969220
969222
969223
969225
969226
969228
969230
969231
969233
969235
969237
969238
969241
969242
182812
969246
182860
264806
297576
297599
51872
920230
920231
297639
920232
920233
920234
920235
920236
969389
920237
920238
920239
920240
969393
920241
920242
920243
297661
969407
969411
297669
969415
969419
969423
969427
297684
969431
969432
969435
969436
969439
969440
969445
969446
969449
969450
297707
297709
969454
953070
969455
953072
969457
953073
936689
953074
953075
936691
936692
969461
953077
936693
248565
953078
953079
953080
969465
953081
953082
953083
953084
969470
248577
903949
903950
903951
903952
903953
903954
903955
903956
903957
297755
969517
2865
969526
150330
297828
969584
297841
969587
134005
35706
969596
297854
969599
297858
969608
969611
183179
969620
969623
969625
969629
248733
248743
248753
969656
969659
969661
969662
969664
969665
969667
969669
281541
969672
969674
969675
969676
216013
969679
969680
969681
969683
969685
969687
969689
969694
969698
969701
969710
969713
248823
969722
969725
248841
969741
936976
936977
936978
936979
936980
969751
232485
166949
969786
969789
969792
969797
920661
920662
920663
920664
920665
969818
920666
920667
68699
920668
969822
920670
920672
920673
920674
298089
969838
969841
969844
969845
969849
969850
969854
969855
969858
969860
969861
969864
969865
969866
969869
969870
969873
969874
969876
969878
969879
969881
969882
969883
969887
969888
953507
969892
953508
969893
953510
953511
953512
953513
969898
953514
969899
953515
298157
969902
969903
969906
969907
969910
969915
134339
68808
969942
969946
134363
969952
969962
969964
937196
969966
298223
298240
3328
298241
904450
904451
904452
904454
970000
970005
970008
970010
970011
970013
970014
970016
970021
52518
232747
970031
970035
970037
970041
970042
970044
970046
970048
970051
970054
970057
970060
970062
970063
970065
970066
970068
970070
970072
970074
970076
970079
970081
970084
970085
970086
970088
970089
970091
970093
970095
970097
970098
970100
970102
970104
970106
970111
970114
52610
970115
970117
970118
970127
970131
970133
937367
937368
134552
970137
937369
953754
937370
937371
937372
298396
249252
970150
970154
970159
970160
970163
970170
970171
970172
970174
970175
232897
298453
970222
970225
970228
970232
970234
970239
970242
298499
921093
970246
921094
921095
970248
921096
970249
921097
921098
921099
921100
970253
970254
970258
970259
970262
970263
970266
970267
970270
970272
970273
970277
970278
298536
970281
970283
970284
970287
970288
970290
970292
970293
970296
970297
970299
298555
970301
970302
970304
970310
970314
970315
970320
970323
970324
953940
953942
953943
953944
970329
953945
200282
970333
970334
970338
970339
970342
970347
249452
970351
970355
970365
970369
937608
970379
937611
970380
970383
970384
970386
298646
970391
970394
970395
970396
970400
970401
970403
970404
970409
970412
970416
970418
970419
970423
970424
970428
233148
970429
970432
970433
970436
298695
970441
970444
970448
970450
970454
970470
970471
970476
970477
233201
904946
904947
970484
904948
904950
970488
200474
970526
970529
970532
134951
970536
970538
970543
970546
970550
970552
970554
151354
151355
970556
970558
970560
970561
970563
970564
937797
970566
954182
937798
937799
970568
937800
970569
954185
937801
937802
970571
937804
970573
937805
970575
970578
970580
970583
970584
85848
970585
970587
970588
970590
970592
970594
970604
970611
233337
970619
970623
298909
970657
970660
970668
970669
970673
921522
970675
921523
970676
921524
921525
970678
921526
921527
921528
970681
921530
970683
970684
970685
970688
970689
970690
970692
970694
970696
167881
970698
970699
298955
970701
970702
970704
970709
970712
970716
970718
970722
970738
970743
954371
954373
954375
970760
970763
970765
970769
970774
970778
970782
970785
970798
970799
970801
970803
970804
970807
970808
970812
938044
970813
970816
970817
905283
970820
905284
970821
970823
905295
905296
970842
970845
970854
970859
118893
970862
249969
249970
970867
970872
970878
970882
970883
970888
970889
970892
970893
970898
168084
970901
970902
970906
970907
970909
970910
970915
970918
970919
250023
250024
970924
970925
970934
217272
970939
299210
970955
37068
970959
970969
970973
970976
217312
970977
970981
970982
135406
938228
970998
938230
151798
970999
938231
938232
938233
971002
938234
971003
938235
938236
299260
938237
938238
938239
299265
233732
151824
151826
299283
954656
954657
971049
971053
971063
971064
233785
971067
971068
971070
971075
299332
971078
971079
971080
971084
971085
971087
971088
971089
971094
971095
971098
250204
971103
921952
921954
921955
921956
921957
921958
921959
217450
971118
971122
971126
971131
971140
299397
971145
954775
954776
971177
971178
266668
971181
971184
971188
971191
971194
971195
971208
971209
971210
971212
971213
971215
971216
299474
971219
971220
971222
971223
971225
971226
971227
971252
971255
954873
21004
299540
971287
971295
971299
971304
971307
971314
971318
971320
299577
905788
905789
905790
971327
905792
905793
971332
299592
299593
299622
971377
971379
971381
971383
971397
971398
234118
971400
971401
21145
938659
938661
938662
938663
938664
938665
938666
938667
938668
938669
938670
938671
234163
299708
119488
971463
971466
119505
971474
971475
955094
971479
955095
119511
955096
971481
971482
971487
299745
971511
971515
922382
922383
922384
922385
922386
922387
922388
922389
201530
152389
299863
4964
299879
971624
971628
299888
971640
971644
21382
971656
955272
955273
955275
971660
955276
971672
971673
971676
971677
971687
971692
971695
971702
971706
971708
971715
971720
299989
5085
300005
37903
971793
971794
300050
971798
971799
971816
37931
971820
906285
906286
906287
906289
906290
971836
971840
87109
250959
971856
971857
939090
939091
971860
939092
971861
939093
939094
939095
939096
939098
939099
939100
939101
971871
939104
300128
971874
971882
971883
21612
971887
971889
971890
971891
955510
971895
955511
971896
955512
955513
955514
955515
971900
971901
971906
201858
971907
971910
971911
971916
971919
300178
971923
971927
971928
971932
971933
971935
971942
971946
971956
971960
922811
922812
922813
922814
922815
922816
922817
922818
152772
300251
972082
972085
955701
955702
972088
955704
955705
955706
972092
300348
972094
972097
972100
972104
972106
972109
972117
972118
972120
972121
972129
972131
972134
972136
972137
972139
972143
972144
972145
972148
972149
972150
972152
972156
972157
972162
300420
202141
300474
153021
972231
972235
972255
153059
972283
300540
972286
972287
972290
939527
939528
939529
939530
939531
972300
939532
153100
972301
939533
939534
972303
972304
972306
300563
153109
972310
972311
972312
972313
972316
972317
972318
906782
972319
906783
906784
972321
906785
906786
972323
906787
972325
972327
972329
972332
972334
972335
972336
972338
972341
972343
972345
972348
972350
972351
972354
972355
972356
972358
972362
972364
972367
972370
972374
972376
972379
972382
972386
923239
972394
923242
923243
923244
923245
87661
972398
923246
923248
923249
923251
972408
972412
300683
300684
300720
300729
972480
972483
972486
972490
972492
972497
972500
972504
972506
972511
235232
972515
956132
956133
956134
972519
956135
956136
956137
956138
300778
956139
268036
235286
300852
972601
972604
972620
972627
300886
972631
972633
972634
972638
972642
972643
300900
972648
972649
972652
972653
972656
972657
268145
972660
972661
972665
972666
972668
972672
300932
300935
137097
300938
972688
972693
300959
153503
284581
300967
300977
939957
939958
939959
284599
939960
939961
939963
939964
972748
972751
301009
972754
972758
972760
301017
972765
972768
972772
972774
972776
301034
972779
972781
972783
972785
972787
972789
301046
972791
972795
972798
972801
104454
972810
972813
907279
907281
907282
907283
907284
972822
907286
301080
972825
923675
923676
923677
923678
923679
923680
923681
972834
71715
972837
972846
972849
972858
972861
301120
301123
972869
972870
972872
972873
972876
972880
301139
972888
972890
301148
972893
972895
301153
972899
972901
301159
972908
301165
972910
972913
972915
972916
972919
972922
972923
972926
972927
972928
972932
252037
972948
956564
956567
956568
972953
956569
956570
235681
235691
153771
284850
301242
973007
55504
973010
973013
973017
973021
973022
268511
973026
973027
284899
973031
973036
973039
973043
973047
973053
153854
973057
973061
973062
973065
973066
973069
973074
203026
973077
301339
973084
104732
973085
973086
153888
973090
973091
973101
973102
301358
973106
301363
973116
973117
973121
973131
973132
973133
973136
973137
973146
973153
301409
973154
940386
940387
153955
940388
940389
973158
940390
940391
973160
940392
973161
973165
973169
973170
973174
973175
252287
973185
973186
973189
973190
973193
973197
973201
973202
973205
973206
973209
301467
973213
973217
973223
973236
973241
973253
973254
301511
973257
924106
973259
924107
973260
924108
924109
268749
924110
924111
104911
301525
973274
973276
973278
23024
907776
907777
907778
973315
907779
154115
907780
907781
973318
907782
907783
907784
973321
973325
973329
154129
973331
154131
55828
973333
154134
973335
973337
973339
973342
973344
973346
301603
973349
973351
973352
973355
973356
973358
973361
973363
973364
973366
973367
973369
105018
973371
973374
973376
973377
973379
956996
956997
956998
973383
956999
973384
957000
973385
957001
957002
957003
957004
973389
957005
957006
973394
973398
973399
973407
973411
973412
973414
973417
973420
973424
973425
973426
973427
973429
973430
973433
973437
973438
973440
973444
973445
973446
973447
236167
973450
973452
973453
973455
973457
154257
973459
973461
973463
973465
973467
973470
973473
973475
973476
973478
973479
973482
973485
973487
973488
973490
973491
973493
973497
973530
973532
973534
973542
924394
924395
924396
924397
924398
973553
973556
973558
924409
924410
973563
924411
924412
973573
973574
973576
973578
973579
940814
973583
940815
940816
940817
940818
940819
940820
973589
940821
973593
973597
973600
973602
973606
973607
973610
973611
973614
973617
973619
973622
973626
973630
973633
973636
973637
973641
973642
973645
973647
973653
973656
973660
973663
973704
236428
973709
973717
973719
973721
973724
973735
973739
973742
973747
973751
973753
973755
973757
973759
973760
973762
973763
973765
973769
973772
973773
973778
973786
220148
908278
908280
957433
908281
957434
908282
957435
908283
973820
957436
908284
957437
957438
957439
957440
973826
154628
973830
973835
973842
973847
203805
973862
973863
973867
973868
285742
973876
973880
220217
973892
973896
973901
973906
973908
236629
973912
973916
973917
973920
973921
973924
973925
973930
973931
973934
973935
973939
973940
973942
973943
973947
973948
973952
973953
924801
924802
924803
973956
924804
973957
973960
973961
924812
973965
973966
924814
924815
924816
924817
973970
973971
973976
973977
924827
973980
924828
924830
924831
973984
924832
924833
924834
924835
973988
973993
941241
941242
941243
941244
941245
941246
941247
941248
941249
974044
974048
974050
974054
957679
974073
974077
974101
220438
220440
974105
974113
974116
974119
974124
974127
974131
974133
73014
974135
974137
974139
974141
974142
974144
974145
974147
89412
974151
974155
974160
7534
974217
974220
105877
957866
957867
974252
957868
957870
957871
957872
974257
957873
974266
974271
974274
974278
974288
974292
24021
974302
286174
974306
974309
974310
908775
974313
908777
908778
974315
908781
974318
908782
974319
908783
908784
908785
974322
908786
974323
974325
974326
974329
974331
974334
974335
974339
974340
974344
974345
974348
974349
974353
974359
974370
974371
974375
974376
925224
925225
925226
974379
925227
974380
925228
925229
925231
925232
974385
925234
925235
974388
974392
925242
974395
925243
974396
925244
925245
925246
925247
286271
925248
974401
925249
122459
974434
941666
974435
56931
941668
974438
941670
941671
974440
941672
974441
941673
941674
941675
941676
941677
974446
941678
941680
974454
974456
974458
974461
974467
974469
958109
958112
122560
974539
974542
974546
974549
974551
974554
974558
974562
974566
974569
974572
974577
974586
974590
974593
155393
155394
974605
204570
204571
974634
974636
974638
974642
974647
974650
286540
958299
958300
958301
958302
958303
958304
958305
958306
974705
974717
974724
57223
974728
892809
892810
892815
892816
892818
974740
892821
974744
974749
892831
892832
974754
974768
974772
974776
974780
974782
974786
974791
974794
974798
974802
974803
974805
974807
974808
90075
909277
909278
909279
909281
909282
909283
909284
925669
909285
90085
909286
925672
925674
925675
925676
925677
925678
925679
925680
925681
974838
974839
974842
270330
974844
974845
974848
974850
974852
942097
942098
942099
942100
942101
942102
942103
942104
942105
942106
942107
942108
942109
942110
942111
942112
942113
974893
974905
270398
958544
958545
974930
974934
204887
974957
974962
974964
122997
974967
974969
221309
974976
286849
974978
974980
974983
974987
975000
57497
975002
57499
975004
975007
975019
975024
975027
975031
139447
975034
975035
975040
975043
975044
975047
975048
975050
975057
975062
975077
975078
975082
975083
155886
286963
975109
975113
958732
958733
958734
958735
958737
975122
975125
975128
287006
975140
975150
975153
975157
975158
975162
975163
975166
975170
975173
975177
975180
975182
975183
975186
975188
975190
975201
975207
975209
975210
975227
975230
893325
893326
975248
893328
893329
975251
926100
926101
926102
926103
975256
926104
926105
975258
926106
926107
975260
926108
926109
926110
926111
926113
926114
975268
254378
90540
975278
975280
139698
975287
287161
975290
975292
975294
975295
975300
942535
942536
942537
942538
942539
942540
942541
942542
942543
942544
942545
942546
909778
909779
909781
909782
909783
909784
909785
958972
958973
958974
958975
958976
172549
123398
107047
139818
74302
287318
287396
287400
90796
959162
959164
959165
942781
959166
942782
959167
942784
942785
74449
238321
58109
140031
238342
90891
123682
58171
926532
926533
926534
926535
25415
926536
926537
926538
926539
926540
926541
926542
926543
926544
58203
271201
238456
942971
942972
942973
942974
893822
942975
893823
942976
893824
893825
893826
893827
893828
238482
959399
959400
959401
959402
287683
910277
910278
910279
910280
910281
910282
910283
238545
140269
943133
943134
959585
959586
959588
205932
943258
943259
943260
107682
189608
140465
959721
926960
926961
926963
926964
926965
926966
926967
926968
926969
926970
943369
943371
288044
173362
943464
943465
943466
943467
894321
894322
894323
894324
894325
894326
288132
910775
910777
910778
910779
910780
959956
271846
206328
189948
42496
157211
255519
206385
943702
943703
943704
943705
943707
58977
927392
927394
927395
927396
927397
960173
960174
960175
960176
75457
943891
943892
943894
943895
943896
943897
108319
206634
960354
894818
960355
960356
894820
894821
960358
894823
223082
911272
911274
911275
911276
206784
288733
59357
141278
141280
141295
157693
124929
944133
59397
944135
239623
944136
288782
927819
927820
927821
927822
157774
927823
927824
960594
927826
190547
960597
960599
288857
223367
157831
26759
239758
944323
944324
944326
944327
944328
141537
911605
911606
911607
911608
207118
960783
960784
960785
960786
960787
960788
895315
895316
895317
895318
895319
895320
125281
289130
141705
190884
944567
158178
43499
928248
928250
928251
928252
207356
928253
928254
928255
961024
961027
961029
961032
240142
141858
289332
272996
944753
944756
944757
944758
223872
273042
895648
895649
895650
895651
961213
961214
961216
961217
912065
912068
912078
912079
912080
912081
912082
912083
289517
142062
289523
289538
224032
60193
142203
895894
895895
895896
895897
125852
928677
928678
928679
928680
928681
928682
928683
928684
961454
961457
961459
109510
109511
125897
945181
207902
945183
207903
945184
945185
945186
945187
945188
945189
945190
945191
945192
257064
945193
945194
289856
961645
961646
961647
961648
961649
240773
896141
896142
896143
896144
896145
912554
912555
912556
912557
912558
912559
912560
912562
912563
60686
77084
290106
60738
60739
27977
77134
929105
929106
929107
929108
929109
929110
929112
929114
929115
961887
961888
109943
896387
896388
896389
896390
896391
896392
896393
896394
896395
241079
945616
110032
945618
945619
945620
945621
945622
257495
945624
945625
93657
945626
945627
945628
28133
159252
962075
962076
142877
962078
962079
962080
962081
224808
126529
110148
290386
290402
126589
896639
896640
896641
896642
290439
913032
913035
913036
913037
913038
913039
913040
913041
929534
929535
929536
929537
929539
929540
929541
929542
929543
929544
929545
962316
962317
962319
962320
962322
290599
159553
12133
946050
946051
946053
946054
946055
946057
143247
290721
962506
962507
962508
962509
962510
962511
962512
962513
962514
110551
192492
159750
913505
61538
913508
913512
913513
913514
913515
913516
897135
897137
897138
897140
897143
290941
225411
290950
225427
929966
929967
143535
929968
929969
929970
929971
929972
929973
929974
929975
962748
962749
962750
962751
962752
962754
962757
127176
61663
159970
28921
274689
241937
946479
946480
946483
946484
946485
946486
946487
61762
291175
258408
962938
962939
962941
962942
127382
127385
143779
143787
176564
291267
274884
45515
29198
913982
913984
913985
913986
913987
913988
913989
913990
913992
225873
930400
930402
930403
897635
930404
897637
897638
897639
897640
897641
963178
897642
963179
963180
963181
963182
963184
29337
29338
275099
291525
291526
62161
291541
242390
946908
946913
946915
946916
946917
946918
946919
291571
242426
963368
963369
963370
963371
963372
29506
160592
242540
930687
930688
930689
930690
930691
930701
930702
930703
930704
930705
930706
930707
930708
930709
275351
291741
291769
242619
13270
291815
291839
242699
29708
291862
914458
914459
914462
914463
914464
914465
914466
914467
914468
914469
13350
128050
13390
78927
898134
898135
898137
898138
898139
128094
193638
144515
947338
947340
947341
947342
947343
947344
947345
79009
79010
963790
963792
259290
259291
275713
931098
931099
931100
931101
931102
931103
931104
931105
931106
931107
931108
931109
931116
931117
931118
931119
931120
931121
292154
931134
931135
79167
931136
243068
30095
259484
292261
128436
161259
914936
914937
914938
914939
914941
914942
914943
914944
13829
947767
194103
947769
947771
947772
947773
947774
947775
964160
947776
964161
947777
947778
46658
898631
898632
898633
898634
898635
292496
210630
931531
931532
931533
931535
931536
931546
931547
931548
931549
964318
931550
964319
931551
964320
964321
964322
964323
276219
96016
63300
79693
292700
964445
964447
79751
292781
145349
915412
915413
915414
915415
915417
915418
915419
948201
948202
948203
948204
948205
243693
948206
948207
948208
948209
899128
899129
112698
899131
899132
227388
899133
964680
964681
964682
964683
243787
964684
964685
964686
964687
964688
292954
931971
129155
931974
931976
931977
931978
931980
931981
194724
47309
948444
948447
63728
964869
964870
964872
211208
293150
145698
276890
948635
948636
948637
948638
948639
948640
915886
915887
915888
96688
915889
915891
915892
915893
145845
915894
915895
145869
47568
162279
965107
965108
965109
965110
965111
965112
965113
965116
277001
145957
899625
899627
899628
899629
932400
932401
932402
932403
932404
932407
932408
932409
932410
932411
932412
932413
244327
260720
244351
948875
948876
948877
948878
277136
162455
965297
965298
228018
965299
965300
965301
965302
129725
129789
129794
244519
162618
80707
949064
949067
80741
293744
64368
899961
899962
899963
916364
916365
916366
916369
916371
916372
965537
965538
965540
965541
965542
129959
293811
31681
293837
949211
949212
949213
932832
932833
932834
932835
932836
211954
228363
244763
293924
146493
130109
130132
965727
965728
965731
965732
900204
900206
900207
900208
900210
294041
949428
949429
949430
212160
195780
228575
244979
294144
277797
15687
965966
965967
965968
965969
965970
965971
965973
965974
245085
163170
949604
949605
949606
916842
900458
900459
916844
900460
916845
916846
916847
916848
916849
15745
933260
933261
933262
933263
933264
933265
933266
933267
933268
933269
48541
163231
294310
277933
212444
228830
163319
163337
966155
163339
966156
966157
966158
966159
966160
966162
294432
245309
949841
949842
949843
949844
949846
900700
900701
900702
900704
900705
900707
900708
179882
294572
294607
114393
130801
966397
966398
966399
966400
130816
966401
966402
950032
950033
950034
950035
950036
950037
278312
933693
933694
933695
933696
933697
933698
933699
245574
917319
917320
917321
917322
917323
917324
130894
900952
900953
900954
900955
900957
81785
294800
294814
212905
130992
966583
966584
966585
966586
131007
229317
81902
)


// ************************************************************************* //
