/*--------------------------------*- C++ -*----------------------------------*\
| =========                 |                                                 |
| \\      /  F ield         | OpenFOAM: The Open Source CFD Toolbox           |
|  \\    /   O peration     | Version:  2406                                  |
|   \\  /    A nd           | Website:  www.openfoam.com                      |
|    \\/     M anipulation  |                                                 |
\*---------------------------------------------------------------------------*/
FoamFile
{
    version     2.0;
    format      ascii;
    arch        "LSB;label=32;scalar=64";
    class       faceSet;
    location    "constant/polyMesh/sets";
    object      wrongOrientedFaces;
}
// * * * * * * * * * * * * * * * * * * * * * * * * * * * * * * * * * * * * * //


2006
(
950273
950275
950276
294916
65572
81988
901200
966740
125
950463
950464
950465
950466
950468
950471
966863
934122
934123
934124
934125
934126
934127
917789
917790
917791
917792
901449
901450
901451
901452
901453
901454
49582
967151
967152
180765
918084
918085
918086
918087
918088
918089
918101
918102
918103
918104
918105
918106
967274
967275
950901
950904
934549
934550
934551
934552
934553
934554
197283
295633
295646
967431
967432
967433
967434
967435
901946
901947
901948
901949
901950
901952
901953
17283
967556
967557
967558
967559
295830
246743
918495
918496
918497
918498
918499
918500
918501
918503
918511
918512
918513
918514
918515
918516
918530
918531
17417
295946
951330
967715
967716
951332
967717
951333
967718
951334
951335
967720
951336
951337
17449
951338
951339
951341
295982
934974
934976
934977
934978
934979
934980
934981
934982
296012
967841
967842
967843
967844
296223
902445
902446
902448
902450
902451
902452
968002
247123
918926
918927
918928
918929
918941
918942
918943
918944
918945
918946
918948
918949
148917
968124
968126
968127
280015
951767
951772
951773
951774
935401
935402
935404
935405
935406
935407
935408
247340
968267
296523
968268
296538
968303
968310
968313
968315
296572
968416
968426
968429
968431
902951
902952
902953
902954
902955
902956
902957
968509
968513
919375
968528
919376
919377
919379
968532
919380
919381
919382
968544
968547
968556
968559
968568
968582
952200
952204
952205
952206
952207
952208
952209
952210
935827
935828
935829
935830
935832
935833
935834
968647
968659
968674
968679
968690
968695
968706
968715
968726
296983
968730
968745
968749
968764
968767
968779
968782
968792
968804
297088
968866
297126
968878
968917
968926
919804
919807
919808
919810
919811
919812
919813
919814
903452
903454
903455
903456
903457
952633
952635
936253
952639
952640
936256
952641
952642
952643
936259
133443
952644
936260
936261
936262
936263
936264
969041
969044
969050
969057
51572
969222
969225
969231
969238
182812
182860
920230
920231
920232
920233
920234
920238
920239
920240
920241
920242
920243
297661
969407
969411
969415
969419
969423
969427
969431
969432
969435
969436
969439
969440
969445
969446
969449
297707
969454
953070
953072
936689
936690
953075
936691
936692
953077
936693
953079
953080
953081
953084
903949
903950
903951
903952
903953
903954
903955
903956
903957
2865
35706
297854
969661
969664
969667
969672
936976
936977
936978
936979
936980
969792
969797
920662
920663
920664
920665
969818
920666
920668
969822
920670
920671
920672
920673
920674
969844
969849
969854
969855
969858
969860
969861
969864
969865
969866
969869
969870
969873
969876
969878
969881
969882
969887
953507
969892
953508
953510
953511
953512
953513
969898
953514
953515
298157
969902
969903
969906
969907
969910
969915
68808
134363
969952
969964
298240
298241
904450
904451
904452
904453
904454
970016
970021
232747
970042
970046
970076
970079
970081
970084
970085
970088
970093
970097
970114
52610
970117
937367
937368
134552
937369
937370
937371
937372
249252
970160
970172
970222
970225
970228
970232
921093
921094
921095
970248
921096
921097
921098
921099
921100
970253
970258
970262
970267
970270
970273
970277
970278
298536
970281
970283
970284
970288
970290
970293
970296
970299
970301
970304
970310
970314
970315
970320
970323
970324
953940
953941
953942
953943
953944
970329
953945
970333
970338
970342
970347
249452
970351
970355
970365
970369
970379
970383
970386
970391
970394
970395
970400
970403
970412
970416
970418
970423
970428
970429
970432
970433
970444
970448
970470
970476
904946
904947
970484
904948
904949
904950
970488
970526
970529
970532
970536
970554
151354
970558
970561
970564
937797
970566
937798
937799
937800
970569
954185
937801
937802
970571
937803
937804
937805
970575
970578
970580
970583
970585
970587
970592
970604
970611
298909
970668
921522
970675
921523
921524
921527
921528
921529
921530
970684
970688
970698
970701
970712
970716
954371
954372
954373
954374
954375
970763
970785
970801
905283
905284
970823
905294
905295
905296
970854
970859
970862
970867
970872
970878
970892
970893
970898
168084
970909
970910
970915
970919
970925
970976
970981
970998
938230
938231
938232
938233
971002
938234
938235
938236
938237
938238
938239
299283
954656
954657
971049
971053
971063
971064
971067
971068
299332
971078
971080
971085
971087
971088
971094
971098
971103
921952
921954
921955
921956
921957
971126
971131
971140
971145
971178
266668
971195
971210
299474
971227
954872
954873
21004
971287
971295
971307
971320
299577
905788
905790
971327
905791
905792
905793
971332
938659
938661
938662
938664
938665
938666
938667
938668
938669
938670
938671
299708
119488
971463
971466
971474
971475
955094
971479
955095
955096
971481
922382
922383
922384
922385
922386
922388
922389
201530
4964
971624
971628
299888
971640
971644
971656
955272
955273
955274
955275
971660
955276
971672
971673
971676
971677
971695
971708
971715
971720
300005
971793
300050
971798
971816
971820
906285
906286
906287
906288
906289
906290
971836
971840
250959
971856
971857
939090
971860
971861
939093
939094
939096
939098
939099
939101
971871
939104
971874
971882
21612
971889
971890
955510
971895
955512
955513
955514
955515
971910
971919
300178
971923
971935
971942
971946
971956
971960
922811
922813
922814
922816
922817
922818
300251
955701
955703
972088
955704
955705
955706
972092
300348
972100
972104
972117
972120
972131
972136
972137
972145
972149
972150
972157
972162
300420
300540
972287
972290
939527
939528
939529
972300
939532
153100
939533
972303
153109
972311
972318
906782
906783
906786
906787
972335
972356
972370
972374
972382
972386
923242
923243
923244
923245
923246
923248
923249
923250
923251
300729
972492
972497
972506
972511
972515
956132
956133
956134
972519
956135
956136
956138
300778
956139
300852
972601
972604
972620
972627
972631
972633
972642
972648
972653
972657
972660
972661
972665
972666
300932
153503
300977
939957
939958
939959
939960
939961
939963
939964
301009
972760
972765
972774
972776
972779
972781
972783
972787
972791
972795
907279
907280
907281
907282
907283
907284
923676
923677
923678
923679
923680
923681
972869
972872
972876
972880
972888
972890
972893
972895
301153
972899
972901
301165
972910
972915
972916
972919
972922
972923
972926
972927
956564
956565
956566
956567
956568
956570
153771
301242
973021
973022
268511
973026
973027
973039
973043
973069
973074
973077
973084
973085
153888
973090
973101
973102
973106
973116
973117
973121
973131
973132
973136
973146
973153
973154
940386
940387
940388
940389
973158
940390
940391
973160
940392
973186
973190
973202
973206
301467
973217
973223
973236
973241
973253
973257
924106
973259
924107
924108
924109
268749
924110
924111
104911
973274
973276
973278
907776
907778
907779
154115
907780
907782
907783
907784
973329
973331
973333
973335
973339
973344
973346
301603
973349
973352
973356
973358
973361
973364
973367
973369
973371
973374
973376
973377
973379
956996
973383
956999
973384
957000
957001
957002
957003
957005
957006
973394
973398
973399
973407
973411
973412
973420
973424
973425
973433
973437
973438
973445
973446
973450
973452
154257
973475
973478
973487
973490
973532
973542
924394
924395
924396
924397
924398
973556
924410
924411
924412
973576
940814
940815
940816
940817
940818
940819
940820
973600
973607
973611
973617
973645
973663
973704
973719
973735
973739
973742
973747
973772
973786
220148
957433
957434
908282
957435
908283
973820
957436
908284
957437
957438
957439
957440
973826
973830
973835
236629
973924
973925
973930
973931
973934
973935
973939
973940
973942
973943
973947
973948
973952
973953
924801
924802
924803
973956
924804
973957
924812
924813
924814
924815
924816
924817
924827
924830
924831
924832
924833
924835
941241
941242
941243
941244
941245
941246
941248
941249
974044
974048
974050
974054
220440
974119
974124
974127
974131
974133
974135
974137
974139
974141
974142
974144
974145
89412
957866
957867
957870
957873
286174
974309
974313
908777
908783
908785
908786
974325
974329
974345
974349
925224
925225
974379
925227
974380
925228
925229
925230
925231
925232
974385
925242
974395
925243
974396
925244
925245
925246
925247
925248
974401
925249
56931
941668
974438
941671
941672
941673
941674
941675
941677
974446
941678
974456
974461
958109
958112
974539
974542
974551
974554
974566
974569
974593
155394
974605
974636
974642
974647
974650
958300
958303
958304
958305
958306
57223
892809
892810
892816
892818
892831
892832
974780
974786
974791
974803
974805
974808
90075
909276
909277
909278
909279
909281
909282
909283
909284
909285
90085
925672
925674
925675
925676
925677
925678
925679
925680
925681
974842
974850
942097
942100
942101
942103
942106
942108
942109
942110
942112
942113
958545
974957
974962
974967
974976
286849
974978
974980
975002
975007
975034
975050
286963
958732
958733
958734
958735
958736
958737
975125
975140
975153
975166
975173
975182
975201
975210
893325
893326
893327
893328
893329
926100
926101
926103
926104
926105
975258
926107
926108
926109
926110
926113
926114
975268
975280
975292
975295
975300
942535
942538
942539
942540
942541
942542
942544
942545
942546
909779
909780
909781
909782
909783
909784
909785
958973
958974
958976
287396
959162
959163
959164
959165
942781
959166
959167
942784
942785
58109
140031
58171
926532
926533
926534
926535
926538
926541
926544
942971
942972
942973
942974
893822
942975
893823
942976
893824
893825
893826
893827
893828
959399
959400
959401
959402
287683
910277
910278
910279
910280
910282
910283
943133
943134
959585
959586
959588
943258
943259
943260
107682
959721
926960
926963
926964
926965
926967
926968
926969
926970
943371
173362
943465
943466
943467
894321
894322
894323
894324
894325
894326
910775
910776
910777
910778
910779
910780
959955
959956
189948
943704
943705
943707
927392
927393
927394
927395
927396
927397
960173
960174
960175
960176
943891
943892
943894
943895
943896
943897
206634
960354
894818
894819
960356
960357
894821
960358
894823
911272
911274
911275
911276
206784
141295
239623
927819
927820
927821
927823
927825
960594
927826
190547
960597
960599
288857
944323
944324
944325
944327
944328
911605
911606
911607
911608
960783
960784
960785
960786
960787
960788
895315
895316
895317
895318
895319
895320
289130
190884
944567
928248
928249
928250
928251
928252
928254
928255
961024
961027
961029
961032
944753
944754
944755
944756
944757
944758
895648
895649
895650
895651
961213
961214
961215
961216
961217
912078
912079
912080
912081
912082
912083
289517
289523
60193
895895
895896
895897
928677
928678
928679
928680
928681
928682
928683
961454
961457
109511
945183
207903
945184
945185
945186
945188
945190
945191
945194
961645
961646
961647
961648
961649
896141
896142
896143
896144
912554
912555
912556
912558
912559
912560
912561
912562
912563
77084
290106
929105
929107
929108
929109
929111
929112
929114
929115
961887
961888
896387
896390
896391
896392
896393
896394
896395
945616
945617
945619
945620
945621
945622
257495
945625
945626
945627
945628
962075
962076
962077
962080
962081
224808
896639
896640
896641
896642
913035
913036
913037
913038
913039
929534
929536
929537
929539
929540
929541
929542
929543
929544
929545
962317
962319
962322
946050
946051
946053
946054
946055
946057
290721
962506
962507
962508
962509
962510
962511
962513
962514
913510
913512
913513
913515
913516
897135
897136
897137
897138
897140
897143
290941
290950
929967
929970
929971
929972
929973
929974
929975
962748
962749
962750
962751
962752
241937
946479
946480
946483
946484
946485
946486
946487
291175
962938
962939
962940
962941
962942
913984
913985
913986
913987
913988
913989
913990
930400
930401
930402
930403
897635
930404
897636
897637
897638
897639
897640
897641
897642
963179
963180
963181
963182
29338
291525
62161
946908
946909
946912
946913
946914
946915
946916
946917
946918
946919
963368
963369
963370
963371
963372
29506
930687
930688
930689
930690
930691
930702
930704
930705
930706
930708
930709
275351
291769
291815
291839
291862
914459
914460
914462
914464
914465
914466
914467
914468
914469
13390
898134
898135
898137
898138
898139
128094
947338
947340
947341
947342
947343
947344
947345
963790
963792
931098
931099
931100
931101
931102
931103
931104
931105
931106
931108
931109
931116
931117
931118
931119
931120
931121
292154
931134
931136
243068
292261
914936
914937
914938
914939
914941
914942
914943
914944
947767
947769
947770
947771
947772
947773
947774
947775
964160
964161
947777
947778
898631
898632
898633
898634
898635
292496
210630
931531
931532
931534
931535
931546
931547
931548
931549
964318
931550
964319
931551
964320
964321
964322
63300
964445
964447
915412
915413
915414
915415
915416
915417
915419
948201
948202
948203
948205
948206
948207
948208
948209
899128
899129
899130
899131
899132
899133
964680
964681
964682
964683
243787
964684
964686
964687
292954
931976
931977
931978
931979
931980
931981
948444
948447
964869
964870
964872
211208
293150
276890
948635
948636
948637
948638
948639
948640
915886
915889
915891
915893
915894
915895
965107
965109
965110
965111
965116
277001
899625
899627
899628
899629
932400
932401
932403
932406
932407
932410
932413
244351
948876
948877
948878
965297
965298
228018
965299
965301
965302
949064
949065
949066
949067
899961
899962
899963
916365
916366
916367
916369
916370
916371
916372
965537
965538
965541
965542
129959
293811
31681
949211
949213
932832
932833
932834
932835
932836
211954
293924
965727
965728
965729
965730
965732
900206
900208
949428
949429
949430
294144
277797
965966
965968
965969
965970
965971
965974
245085
949603
949604
949605
949606
916842
900458
916843
900459
900460
916845
916846
916847
916849
15745
933260
933261
933263
933264
933265
933266
933267
933268
966155
966156
966157
966158
966159
966160
966162
949842
949844
900700
900701
900702
900703
900704
900705
900707
294607
966397
966398
966399
966400
966401
966402
950032
950033
950035
950036
950037
933693
933694
933695
933696
933698
917319
917320
917321
917322
917323
917324
900952
900953
900954
900955
900956
900957
294800
966583
966585
966586
)


// ************************************************************************* //
