/*--------------------------------*- C++ -*----------------------------------*\
| =========                 |                                                 |
| \\      /  F ield         | OpenFOAM: The Open Source CFD Toolbox           |
|  \\    /   O peration     | Version:  2406                                  |
|   \\  /    A nd           | Website:  www.openfoam.com                      |
|    \\/     M anipulation  |                                                 |
\*---------------------------------------------------------------------------*/
FoamFile
{
    version     2.0;
    format      ascii;
    arch        "LSB;label=32;scalar=64";
    class       faceSet;
    location    "constant/polyMesh/sets";
    object      skewFaces;
}
// * * * * * * * * * * * * * * * * * * * * * * * * * * * * * * * * * * * * * //


324
(
950273
901202
950463
918086
918099
950901
950902
197283
295646
901949
901951
295830
918496
918503
99308
967718
967720
934974
918947
918948
968125
968303
968315
968416
968431
902951
902953
902956
919375
919381
952204
968706
968715
968917
968926
919813
936257
969041
969044
969222
969225
920231
953077
953080
903953
903956
2865
920669
920672
920673
953507
970222
970225
970228
970232
921098
970266
970272
970287
970292
970324
953941
970329
970342
970347
249452
970526
970529
970532
970536
954185
937803
937804
921528
921529
954374
970882
970888
970901
970906
970919
954535
970925
970955
970959
970969
970973
970976
970981
970998
938232
971002
938237
299332
921956
971327
971332
938659
119488
971656
971660
971672
971673
971676
971677
971836
971840
971856
971857
971860
971861
939098
971890
971895
955511
955512
955514
971919
971923
955703
972088
972092
972100
972104
972117
972120
972131
972136
972145
972149
972287
972290
939533
923242
923250
972601
972604
972642
972648
972660
972665
939962
972776
972781
972791
972795
972869
972872
973021
973026
973039
973043
973085
973090
973102
973106
973117
973121
973132
973133
973136
973137
973217
973223
973236
973241
973253
973259
104911
973274
973278
907778
154115
973358
973361
973364
973367
957004
957005
973426
973429
940820
973600
973617
973709
973724
973735
973747
973753
973757
973760
973763
957435
236629
973935
973940
973942
973947
973952
973953
973956
973957
941243
974127
974131
974141
974144
974335
974340
974345
974349
925225
974380
974385
974396
974401
941676
974446
974461
958109
958112
974558
974562
974566
974569
974642
974650
958299
974705
909285
925672
925679
942098
942104
942112
974893
974905
926102
926112
926114
942538
942539
942540
942781
942784
58171
926536
893826
893828
959399
926962
926969
910779
943707
894821
206784
927824
912078
912080
207903
945188
945189
945192
912554
912561
912562
290106
929105
929113
945620
945627
962075
962080
224808
913040
962508
897139
897141
897142
946480
946487
913984
897641
29338
946918
963370
930701
930702
930708
914468
931099
931100
931109
292154
947772
947777
931534
964321
915413
915415
915418
948202
948203
948205
964681
948444
948447
965116
932412
948876
965299
916370
965538
211954
900206
965970
916848
933261
933267
966157
949846
966401
917320
900953
)


// ************************************************************************* //
