/*--------------------------------*- C++ -*----------------------------------*\
| =========                 |                                                 |
| \\      /  F ield         | OpenFOAM: The Open Source CFD Toolbox           |
|  \\    /   O peration     | Version:  2406                                  |
|   \\  /    A nd           | Website:  www.openfoam.com                      |
|    \\/     M anipulation  |                                                 |
\*---------------------------------------------------------------------------*/
FoamFile
{
    version     2.0;
    format      ascii;
    arch        "LSB;label=32;scalar=64";
    class       cellSet;
    location    "constant/polyMesh/sets";
    object      zeroVolumeCells;
}
// * * * * * * * * * * * * * * * * * * * * * * * * * * * * * * * * * * * * * //


368
(
401440
401442
409735
393354
393357
401585
401587
409878
409880
393523
393524
401728
401729
401730
409960
410023
410025
401875
393688
393691
410105
410169
402019
402021
393856
393858
410250
385679
410314
402163
402165
410394
394025
385853
385854
410457
410458
402307
402308
394191
386020
402450
402451
402452
402453
410716
394357
386186
386187
402594
402595
402597
410796
410797
410860
394516
394518
394524
386352
386353
402738
402740
402743
410939
410940
410941
411003
394655
394661
394662
402886
402888
411083
411084
386518
386520
411147
394800
394805
394807
403031
403033
386685
411291
411292
394950
394951
394953
403176
403177
411371
411373
386851
411436
411437
403282
403283
395096
395097
395098
386934
386935
411517
403363
411579
411580
403426
403427
395238
395241
395243
411660
411723
387183
387185
403572
403573
395384
395387
395388
403716
403717
395529
395532
387350
387352
411937
411999
403860
403863
395674
395676
412078
412079
387517
387518
412141
412142
404006
404009
395818
412221
412222
387683
412285
412286
404151
404152
404153
395962
395964
412366
387850
412428
404295
404297
396107
396109
412571
388015
388016
404439
404441
404443
396253
396255
388183
404584
404586
396398
396399
404728
404730
404731
388349
396542
396544
388430
404874
404876
396687
396688
396693
388514
388515
396824
405019
396828
405021
396829
396834
396835
388680
388681
405101
396966
396967
405164
396972
405165
396974
388848
405307
405308
397117
397119
389013
389015
405451
397260
397261
397264
405531
389182
389184
405595
405596
397405
397409
405676
389351
405741
397549
397550
397552
405886
397694
397695
389517
389519
397837
397839
406034
389685
397981
397983
406179
389850
389851
398125
406325
390016
390022
398269
398272
390187
390188
398413
398415
398417
406618
390353
390354
398560
398561
406763
398704
398705
390519
390520
406906
398848
398849
398854
398855
407051
407052
390685
390686
398986
398988
398992
398993
398998
407195
390851
390853
407308
399131
399132
399136
399137
407387
407450
407451
399280
399281
407530
391187
407594
407595
399422
399426
391353
407738
407739
407741
399567
399568
407884
407885
399711
399712
399713
391521
391523
408029
408032
399856
399857
399858
391688
391690
408176
408177
400000
400001
391855
391856
408322
408323
400143
400144
392021
392022
408466
408467
408469
400286
400287
392188
408613
408614
400429
400432
408757
408758
400573
408838
408902
392519
392520
392522
400716
400717
400718
400719
409039
400863
392689
409158
401006
401007
409237
409238
392855
392856
409301
409302
401150
401151
393022
409445
401294
401296
393187
393189
409589
)


// ************************************************************************* //
